t,θ
0.0,2.8269990003985286
0.03333333333333303,2.8163256590750008
0.06666666666666606,2.79442391421849
0.09999999999999909,2.7615725261767214
0.1333333333333321,2.7170832598207424
0.16666666666666605,2.663743235773438
0.2,2.6035987431423897
0.23333333333333303,2.5261109164651283
0.26666666666666605,2.449404820929024
0.2999999999999991,2.356270056429022
0.33333333333333304,2.2620660654115197
0.3666666666666661,2.15886266181316
0.3999999999999991,2.0514415604882723
0.433333333333333,1.9406032919227092
0.46666666666666606,1.8241565488197475
0.5,1.707419215253331
0.533333333333333,1.5865879817253996
0.5666666666666661,1.4715553784644775
0.5999999999999991,1.361166115237659
0.6333333333333321,1.2492703896580486
0.6666666666666661,1.147790287791177
0.7,1.0505753127040809
0.7333333333333331,0.9646308494500271
0.766666666666666,0.8917600763664111
0.799999999999999,0.8265118749268924
0.833333333333333,0.7684453140259639
0.866666666666666,0.7281008778510735
0.8999999999999991,0.6946405921190684
0.933333333333333,0.6747484800757594
0.966666666666666,0.6640267461464574
1.0,0.6640373622384044
1.033333333333333,0.6732076121408462
1.066666666666666,0.6933481693682502
1.0999999999999992,0.722538018110956
1.1333333333333322,0.7615238514081902
1.166666666666667,0.8137893353511211
1.198333333333333,0.8720369774746788
1.231666666666666,0.9398797923467821
1.264999999999999,1.0120244971324124
1.2983333333333322,1.0971222513184058
1.331666666666666,1.1907708179725705
1.365,1.2852648030689393
1.398333333333333,1.387810533152518
1.431666666666666,1.492608447265223
1.4649999999999992,1.6027245515692374
1.498333333333333,1.7099078079337453
1.531666666666666,1.816917256498424
1.564999999999999,1.9221560923190208
1.598333333333333,2.023400838868799
1.6316666666666662,2.114850129113893
1.665,2.20076178231773
1.698333333333333,2.286880038761774
1.731666666666666,2.3617337753437004
1.764999999999999,2.4227383711646304
1.7983333333333322,2.481306332209167
1.831666666666667,2.530886388761859
1.865,2.5683871195263794
1.898333333333333,2.5962564520176787
1.931666666666666,2.6146467342050395
1.9649999999999992,2.621455958901018
1.998333333333333,2.621119681663827
2.031666666666666,2.610273695131135
2.064999999999999,2.5869796243068732
2.098333333333333,2.5560653732492282
2.131666666666666,2.519556178109991
2.165,2.470317029157757
2.1983333333333333,2.417127434187913
2.231666666666666,2.350958962717691
2.2649999999999992,2.2820077199352355
2.298333333333332,2.207875585210256
2.331666666666667,2.1227725788929757
2.365,2.031975584437622
2.398333333333333,1.9436858499313177
2.431666666666666,1.8433068526238727
2.464999999999999,1.7440878202639405
2.498333333333333,1.6483776775943795
2.531666666666666,1.551135216549256
2.565,1.4588900352925185
2.598333333333333,1.3660678560140798
2.631666666666666,1.2830865688832462
2.665,1.2004578947246685
2.6983333333333333,1.1305008471372309
2.731666666666666,1.062094066492286
2.7649999999999992,1.0047970561472432
2.798333333333332,0.9532776400807852
2.831666666666667,0.9116269974328373
2.865,0.8804684400651895
2.898333333333333,0.8572040853228077
2.931666666666667,0.8450650583643351
2.965,0.8445302819020293
2.998333333333334,0.8520778079572728
3.031666666666667,0.8684854005009811
3.065,0.8938759586611855
3.098333333333333,0.9278732870885416
3.131666666666667,0.9713801414734442
3.164999999999999,1.0219671753627488
3.1983333333333333,1.076894273510337
3.231666666666667,1.140900384192996
3.2649999999999992,1.2112315051863
3.298333333333333,1.2889837959750725
3.331666666666665,1.3726609743937075
3.364999999999999,1.4559202523032848
3.398333333333333,1.5434415972899458
3.431666666666667,1.63044795400222
3.4650000000000007,1.7225008954242393
3.498333333333333,1.8108600410383313
3.531666666666667,1.892354885703397
3.565000000000001,1.9737444709107625
3.598333333333333,2.054121141835755
3.631666666666667,2.1232525647797726
3.664999999999999,2.1961889458249804
3.6983333333333333,2.25497196205141
3.731666666666667,2.3068058201701542
3.7649999999999992,2.3513613309774373
3.798333333333333,2.3876842805453107
3.831666666666665,2.417322275545409
3.864999999999999,2.4372255838498154
3.898333333333333,2.4486466344568036
3.931666666666667,2.452212947090858
3.9650000000000007,2.4476697736580775
3.998333333333333,2.435552396534568
4.031666666666667,2.4149893881589293
4.065000000000001,2.3883834191966904
4.098333333333333,2.3536747369324207
4.131666666666667,2.312390309580967
4.164999999999999,2.264619730000467
4.198333333333333,2.210429590755004
4.231666666666667,2.148904510830904
4.264999999999999,2.082737146256486
4.298333333333333,2.0130899026389644
4.331666666666665,1.9364973654250164
4.364999999999999,1.8600328286595904
4.398333333333333,1.780961922319697
4.431666666666667,1.7021761935437045
4.465000000000001,1.624604561713491
4.498333333333333,1.546077543329336
4.531666666666667,1.4735708691397293
4.565000000000001,1.4033494627896737
4.598333333333333,1.3348178956838135
4.631666666666667,1.2703889730046467
4.664999999999999,1.213281183028077
4.698333333333333,1.1639325438991452
4.731666666666667,1.1211658357830896
4.764999999999999,1.0838472989836694
4.798333333333333,1.0554781371966246
4.831666666666665,1.0364477523655047
4.864999999999999,1.0232868952273333
4.898333333333335,1.0166436545034423
4.931666666666667,1.0178073472558526
4.965000000000001,1.0298056847021493
4.998333333333333,1.0487477406793064