t, rad
0.0,1.7074825882936726
0.03377777777777737,1.7005487217067325
0.06755555555555474,1.6844166578886481
0.10133333333333394,1.6582329760283474
0.13511111111111132,1.6253182099700876
0.1688888888888887,1.5829472618991163
0.20266666666666605,1.5411004541688116
0.23644444444444343,1.5023851595889395
0.27022222222222264,1.4677787302579182
0.304,1.4388021741717345
0.3377777777777774,1.4230150523938905
0.37155555555555475,1.4160145067994958
0.40533333333333393,1.4199690438619117
0.43911111111111134,1.4328431243825908
0.4728888888888887,1.4570980020996032
0.506666666666666,1.487635411081785
0.5404444444444434,1.5226468082377658
0.5742222222222226,1.559770676072836
0.608,1.5962893882326983
0.6418888888888887,1.6235438674566096
0.6756666666666679,1.6478628696936828
0.7094444444444452,1.6651815473314655
0.7432222222222208,1.6726811820230765
0.777,1.6697371169517534
0.8107777777777774,1.6572301091666441
0.8445555555555566,1.638864713302304
0.8783333333333321,1.612982622647736
0.9121111111111113,1.5791175187707711
0.9458888888888887,1.5465056992771409
0.979666666666666,1.5138994845593392
1.0134444444444453,1.485168015330193
1.0472222222222207,1.4638454987876004
1.081,1.4482068433314315
1.1147777777777774,1.4418699169478792
1.1485555555555567,1.4443569642391352
1.182333333333334,1.4549548651329534
1.2161111111111096,1.4726822655248768
1.2498888888888886,1.4953374015524403
1.283666666666666,1.5226059761993462
1.3174444444444453,1.553108239410559
1.3512222222222225,1.582670319161176
1.385,1.6069338851806754
1.4187777777777775,1.626033331888655
1.4525555555555547,1.6382762133288558
1.486333333333334,1.6452845797885447
1.5201111111111114,1.6440143455251366
1.5538888888888887,1.6353966414445142
1.5876666666666661,1.6198290026069033
1.6214444444444454,1.5986959894443487
1.6552222222222226,1.5738543873111055
1.689,1.5466378255502167
1.7227777777777773,1.519543467067049
1.7565555555555548,1.4975450463433388
1.7904444444444434,1.4801083467807419
1.8242222222222226,1.469574111458209
1.858,1.464951381883808
1.8917777777777791,1.4671401289139998
1.9255555555555548,1.4755182317283482
1.959333333333334,1.4915650733911328
1.9931111111111113,1.5107765721940187
2.0268888888888887,1.533075201718988
2.060666666666668,1.555181619396969
2.094444444444443,1.5768299175885119
2.1282222222222225,1.5967960708155378
2.162,1.6135805000283931
2.195777777777779,1.624263846061295
2.2295555555555566,1.6286741872909876
2.2633333333333323,1.627133052759644
2.297111111111111,1.6203378685126748
2.3308888888888886,1.6061906759341207
2.364666666666668,1.588530367148603
2.3984444444444453,1.5689067087529411
2.4322222222222227,1.546865599834626
2.466,1.5251615168216854
2.499777777777777,1.5068816513256427
2.5335555555555564,1.4922828654215206
2.567333333333334,1.4830731695698054
2.6011111111111114,1.4799162906178833
2.634888888888889,1.4814370765821738
2.668666666666668,1.4890288720359244
2.702444444444445,1.5020767648448743
2.736222222222221,1.5192549735918477
2.77,1.536520872112197
2.8037777777777775,1.5546033159575672
2.8375555555555567,1.5714245804171054
2.8713333333333337,1.5870304397162798
2.905111111111111,1.6001148229575024
2.9388888888888887,1.6085760846649555
2.972666666666666,1.6107699425643822
3.0064444444444454,1.6093119624228056
3.0403333333333338,1.6024924970928016
3.0741111111111112,1.5924645020848578
3.1078888888888905,1.5774716312375938
3.141666666666666,1.562187356245876
3.1754444444444454,1.5462134516102293
3.2092222222222224,1.5296602263491041
3.243,1.5152454153045352
3.2767777777777773,1.5060483046390243
3.310555555555555,1.4993126725462878
3.344333333333334,1.4977966401081595
3.3781111111111115,1.4997801009182683
3.4118888888888903,1.5070961489506889
3.445666666666666,1.5190754631514132
3.4794444444444435,1.532012907988964
3.5132222222222227,1.5485632245401604
3.547,1.563376409649203
3.5807777777777794,1.577119522914612
3.6145555555555546,1.5872392588444801
3.648333333333334,1.5967648413378928
3.6821111111111113,1.6035450238052722
3.715888888888889,1.6038974582809962
3.749666666666668,1.6001258468576636
3.7834444444444433,1.5945191837609383
3.8172222222222225,1.586113632250464
3.851,1.5752948623036567
3.884777777777779,1.562285368255424
3.9185555555555567,1.5500555586979692
3.952333333333332,1.5364639907190325
3.986111111111111,1.5247636615043112
4.019888888888889,1.5164493688404486
4.053666666666668,1.5119699789056078
4.087444444444445,1.5107462401416831
4.121222222222222,1.5140153289867264
4.155,1.5196039845222409
4.188777777777777,1.5279052811016705
4.222555555555557,1.5382385054939762
4.256333333333334,1.5498220967576046
4.290111111111111,1.5600510854639411
4.323888888888889,1.570885237731777
4.357777777777778,1.5791756371184047
4.3915555555555565,1.5844784458971424
4.425333333333334,1.587331559784094
4.4591111111111115,1.587117763957353
4.4928888888888885,1.5835280181178948
4.526666666666666,1.5783311353399356
4.560444444444445,1.5706183656999329
4.594222222222222,1.5605485960375414
4.628000000000002,1.5496090890477603
4.661777777777777,1.5388966778162023
4.695555555555555,1.5293359059403173
4.729333333333334,1.5227103457280347
4.763111111111112,1.5169440682980517
4.7968888888888905,1.5139866276624863
4.830666666666666,1.5142252916189343
4.8644444444444455,1.5175298108730897
4.8982222222222225,1.5221157799541094
4.932,1.5292962796782887
4.965777777777779,1.5396176699204653
4.999555555555554,1.550844890865392
5.033333333333334,1.5603437872959087
5.067111111111111,1.5678892956495987
5.100888888888891,1.5735653427030545
5.134666666666666,1.5765961802879966
5.168444444444443,1.576967492648988
5.202222222222223,1.5755470141116728
5.236,1.5725316799805076
5.2697777777777794,1.5677427882455401
5.303555555555555,1.5613521062580158
5.337333333333334,1.554670704988972
5.371111111111111,1.5470453123055996
5.404888888888888,1.5386137296039317
5.438666666666668,1.5322953831258117
5.472444444444443,1.5279273811627492
5.506222222222223,1.5247293435248142
5.54,1.5244289268001663
5.573777777777779,1.5263310000607
5.607555555555557,1.5312467339725213
5.641333333333332,1.5353365897235431
5.675111111111112,1.5421061328949393
5.709,1.54742720494286
5.7427777777777775,1.5525073885887655
5.776555555555556,1.557768231185799
5.810333333333334,1.562241971470094
5.844111111111111,1.5655973642404717
5.877888888888888,1.5664696010052297
5.911666666666666,1.5650134315615303
5.945444444444445,1.5634339112122393
5.979222222222223,1.558964117549969
6.013,1.554789842613028
6.046777777777778,1.5489274775625639
6.080555555555557,1.543309825245783
6.114333333333334,1.538573132450925
6.1481111111111115,1.5330655195802716
6.1818888888888885,1.5290759132650718
6.2156666666666665,1.5279935419453743
6.249444444444445,1.5273677580240477
6.283222222222222,1.5279811250797175
6.317000000000002,1.529726140152096
6.350777777777777,1.5336739992262098
6.384555555555555,1.5379142273159048
6.418333333333334,1.5435892817761996
