t, rad
0.0,1.892465188519554
0.03377777777777919,1.8820920766798865
0.06755555555555656,1.842356484019951
0.10133333333333394,1.797150219814528
0.13511111111111132,1.7433503059741116
0.1688888888888887,1.6848009432529585
0.20266666666666788,1.6211220912936692
0.23644444444444526,1.554513347368629
0.2702222222222245,1.4874136174566197
0.304,1.4273542455788981
0.3377777777777774,1.3763840805659988
0.3715555555555566,1.3353389459572438
0.40533333333333393,1.3037969837642753
0.4391111111111131,1.2869962697822928
0.4728888888888887,1.2868542856036127
0.5066666666666679,1.3021738426106344
0.5404444444444453,1.3290046368229962
0.5742222222222226,1.3670789098083402
0.6080000000000019,1.4090686642166064
0.6417777777777773,1.463267631259177
0.6755555555555566,1.520032949435066
0.7093333333333339,1.574204681918981
0.7431111111111132,1.6293279212040108
0.7768888888888887,1.6800679725837817
0.8106666666666661,1.7233112524272638
0.8445555555555547,1.7630783468955709
0.878333333333334,1.7800171836925762
0.9121111111111113,1.7925241879160227
0.9458888888888906,1.7934674911023234
0.9796666666666679,1.7879726534767562
1.0134444444444453,1.7747515693764948
1.0472222222222227,1.7495347868402438
1.081,1.7143875272723754
1.1147777777777792,1.67302080239854
1.1485555555555567,1.6285166366178727
1.182333333333334,1.5796935093002007
1.2161111111111114,1.5388832183962553
1.2498888888888906,1.4950000818983027
1.2836666666666678,1.4563703515931907
1.3174444444444453,1.423725089195854
1.3512222222222225,1.4018396198419787
1.385,1.3889712348485328
1.4187777777777792,1.3845206156020762
1.4525555555555565,1.3886548423583203
1.486333333333334,1.4003205243693462
1.5201111111111114,1.421330508060533
1.5538888888888887,1.4468213233859735
1.587666666666668,1.479981136888144
1.6214444444444454,1.517098802834854
1.6552222222222226,1.557948536368062
1.689,1.5944140932545916
1.7227777777777793,1.6314804736659092
1.7565555555555565,1.6643739417895749
1.790333333333334,1.692382164001245
1.8241111111111112,1.716070824653764
1.8578888888888887,1.7248775748202099
1.891666666666668,1.7313142277514761
1.9254444444444452,1.7269866812839172
1.9592222222222244,1.7166094155109017
1.993,1.6988704168756343
2.0267777777777773,1.6758385855668116
2.0605555555555566,1.6496685484419675
2.0944444444444454,1.620239833095219
2.1282222222222225,1.5898279312788086
2.1620000000000017,1.5602269141071994
2.1957777777777774,1.5307400942721
2.2295555555555566,1.507210561619481
2.263333333333334,1.4852954813947314
2.2971111111111133,1.468786182741951
2.3308888888888903,1.4542161351386564
2.364666666666666,1.4517872918030144
2.3984444444444453,1.4519410031213689
2.4322222222222227,1.4597471955098746
2.466000000000002,1.4728178775159937
2.499777777777779,1.49176833322938
2.5335555555555564,1.5127442676669054
2.567333333333334,1.532219830564851
2.6011111111111114,1.5610445596727536
2.6348888888888906,1.5870511060302486
2.668666666666668,1.613050691138403
2.702444444444445,1.6312237966080414
2.7362222222222226,1.6496397532232734
2.770000000000002,1.657320280966662
2.8037777777777793,1.6666082549671102
2.8375555555555567,1.672103973482687
2.8713333333333337,1.6709938107857991
2.905111111111113,1.6667017108128277
2.9388888888888887,1.6567813446406918
2.972666666666668,1.6438874393588503
3.006444444444447,1.627690304019401
3.0402222222222206,1.609283814324413
3.074,1.5921564961875772
3.107777777777779,1.5759186331351356
3.1415555555555583,1.5592178369865048
3.175333333333334,1.541729012757862
3.2091111111111115,1.5273081861219213
3.2430000000000017,1.5125805344353263
3.276777777777779,1.5065682763436414
3.3105555555555566,1.503025589537444
3.344333333333334,1.5035319706612136
3.3781111111111115,1.505010741099748
3.4118888888888925,1.5127904551157192
3.445666666666666,1.5225044533687442
3.4794444444444435,1.5364337019236796
3.5132222222222245,1.552857594355849
3.5469999999999984,1.5662283099933074
3.5807777777777794,1.5806578883859175
3.6145555555555564,1.5931797948468434
3.648333333333334,1.6049496310530806
3.6821111111111113,1.6148132220825144
3.715888888888889,1.6236430558998058
3.74966666666667,1.6254993580787271
3.7834444444444433,1.6260522202487055
3.8172222222222207,1.6253965709857097
3.8510000000000018,1.6221230990208453
3.884777777777779,1.6147871832994334
3.9185555555555567,1.60618019644499
3.952333333333334,1.598399488795882
3.986111111111111,1.5893764687739627
4.019888888888889,1.5817246274092767
4.053666666666666,1.571411161353955
4.087444444444447,1.5607301868763737
4.121222222222224,1.5595394522445192
4.1549999999999985,1.5527596185325485
4.188777777777779,1.5506480084966612
4.222555555555557,1.5499534850149956
4.256333333333334,1.5492418557653442
4.290111111111111,1.5507253588688914
4.323888888888889,1.5537449310036524
4.3576666666666695,1.5570691372814471
4.391444444444444,1.5622378610859626
4.425222222222224,1.5661468712651667
4.459000000000001,1.5714321520799859
4.492777777777776,1.5746568067628142
4.526555555555556,1.5792620188461357
4.560333333333334,1.579429134864232
4.594111111111115,1.5807652358556932
4.627888888888888,1.5820302262366586
4.661666666666666,1.583104751248001
4.695444444444447,1.5835393182148751
4.729222222222221,1.5834053122738705
4.763000000000002,1.581954811434018
4.79677777777778,1.5795207605520354
4.830555555555557,1.5777540392294598
4.864444444444447,1.575306890444488
4.898222222222221,1.573019714125406
4.932000000000002,1.5709231305920341
4.965777777777779,1.569960019914223
4.999555555555556,1.5691236068399539
5.033333333333334,1.567915055546377
5.067111111111111,1.5683240190908219
5.100888888888893,1.5677935064335966
5.134666666666666,1.5681534642161088
5.168444444444443,1.5682099916242278
5.2022222222222245,1.5681950719331816
5.235999999999998,1.5685418450343729
5.2697777777777794,1.5686526293615808
5.3035555555555565,1.5684400170020336
5.337333333333334,1.5682126822973532
5.371111111111111,1.5686487884347613
5.404888888888888,1.5680604394973188
5.43866666666667,1.5683355948954274
