t,θ
0.0,2.679200193834011
0.03333333333333303,2.674168651554925
0.06666666666666787,2.6452962016010093
0.10000000000000091,2.590056583984512
0.13333333333333394,2.5146651429976132
0.16666666666666696,2.414312510469974
0.2,2.2971221241185993
0.23333333333333395,2.157937152841261
0.266666666666667,1.9959823490287558
0.3,1.8379367399869668
0.3333333333333339,1.6702839921539208
0.366666666666667,1.5082841936581561
0.4000000000000009,1.3490597690389374
0.43333333333333396,1.198336543692547
0.46666666666666695,1.0658198179683762
0.5,0.9525870359258061
0.533333333333333,0.8638045808348908
0.5666666666666679,0.8030117925852627
0.6000000000000009,0.7629135994154728
0.633333333333334,0.7462019987492888
0.666666666666667,0.7571733331036199
0.7,0.7915218456416891
0.733333333333334,0.8454399115059235
0.7666666666666669,0.9239603939836826
0.8000000000000009,1.0253355284382628
0.8333333333333339,1.1449278877804112
0.8666666666666669,1.2788986364918462
0.9000000000000009,1.41741196195511
0.9333333333333339,1.5823144712603197
0.966666666666667,1.740807262191238
1.0,1.8944188778849445
1.033333333333333,2.0431568987260684
1.066666666666668,2.180442889756902
1.100000000000001,2.293597695870298
1.133333333333334,2.390332800355333
1.1666666666666679,2.4620492852793743
1.2000000000000008,2.5123632155344033
1.233333333333335,2.5405331429235303
1.266666666666668,2.5421617451849507
1.300000000000001,2.5212236959676724
1.333333333333334,2.4789245396227795
1.3666666666666678,2.416975298812708
1.4,2.3286949466864497
1.433333333333334,2.2284309952617884
1.466666666666668,2.109007593589892
1.5,1.9827829950794122
1.5333333333333339,1.8470133105014186
1.566666666666666,1.70263964099867
1.6,1.5560364616981306
1.633333333333334,1.417085024111195
1.6666666666666679,1.2840463746478314
1.7000000000000017,1.1669417572722385
1.7333333333333338,1.062757984058641
1.766666666666668,0.9804014379203745
1.8000000000000018,0.9190997233450355
1.833333333333334,0.880967572490702
1.8666666666666678,0.8625666391661708
1.9,0.8688422402739617
1.933333333333334,0.8990346848419325
1.966666666666668,0.9466498520907091
2.0,1.0157913706465929
2.033333333333334,1.1019636964256752
2.066666666666666,1.2090510366752194
2.1,1.3270697654217782
2.1333333333333337,1.4574169530736294
2.166666666666668,1.5895769410228198
2.200000000000002,1.7261528327401003
2.233333333333334,1.8606654848369903
2.266666666666668,1.982304000149389
2.3000000000000016,2.097877499300263
2.333333333333334,2.201207710804618
2.366666666666668,2.288055416607505
2.4,2.3533451771919367
2.433333333333334,2.4016865335564814
2.4666666666666677,2.4260631907821146
2.5,2.425978571075118
2.533333333333334,2.408452090141106
2.566666666666666,2.3694486869755558
2.6,2.3156513930334084
2.6333333333333337,2.2417880668934185
2.666666666666668,2.1497070788413324
2.700000000000002,2.041490774587451
2.733333333333334,1.920459071980537
2.766666666666668,1.7919420043246694
2.8000000000000016,1.6651066883791645
2.833333333333334,1.5398002060120253
2.866666666666668,1.4206946206021676
2.9,1.3055835548385977
2.933333333333334,1.2037358916968617
2.9666666666666677,1.119278044549722
3.0,1.0513061704132314
3.033333333333334,1.0028249248027503
3.066666666666666,0.970307024384964
3.1,0.9588670639604667
3.133333333333336,0.970059384551073
3.166666666666668,1.0006879781617741
3.200000000000002,1.048928515893453
3.233333333333334,1.1142876087154296
3.266666666666668,1.197730687636664
3.3000000000000016,1.2935049919657915
3.333333333333334,1.4011668810391307
3.366666666666668,1.5170613248785183
3.4,1.6349607198502936
3.433333333333334,1.75762816407357
3.4666666666666677,1.876524682630315
3.5,1.9824164934264161
3.533333333333334,2.083954048418918
3.566666666666666,2.1704618930762005
3.6,2.2391206695775843
3.633333333333336,2.2887227644976575
3.666666666666668,2.322563246989144
3.700000000000002,2.3385385219705985
3.733333333333334,2.337540160563188
3.766666666666668,2.3188838365987032
3.8000000000000016,2.2807398880968
3.833333333333334,2.2250981471736275
3.866666666666668,2.156937817105861
3.9,2.06547020690604
3.933333333333334,1.9697777721875274
3.9666666666666677,1.8665281980359525
4.0,1.753498684998401
4.033333333333334,1.6448410225034633
4.066666666666666,1.5326387741860683
4.1,1.4323233815689553
4.1333333333333355,1.3310360159867345
4.166666666666668,1.2487943332254363
4.200000000000002,1.1764075088087569
4.233333333333334,1.1225634989232591
4.2666666666666675,1.0803102241333689
4.300000000000002,1.0609785921938633
4.333333333333334,1.0611594148356123
4.366666666666668,1.0774347428038165
4.4,1.1111759281355074
4.433333333333334,1.1604028353538942
4.466666666666668,1.2233591990744128
4.5,1.3017681878362568
4.533333333333334,1.391024296258398
4.566666666666666,1.4906681702979725
4.6,1.5952787802328992
4.6333333333333355,1.6992464571700387
4.666666666666668,1.8069416529065663
4.700000000000002,1.9034486364510126
4.733333333333334,1.9917892485720101
4.7666666666666675,2.073273166746369
4.800000000000002,2.14219406683975
4.833333333333334,2.1947941115375738
4.866666666666668,2.232591953523947
4.9,2.2511032960428876
4.933333333333334,2.255362405911958
4.966666666666668,2.2445517077759245
5.0,2.2172642842059083
5.033333333333334,2.1748392901772036
5.066666666666666,2.1200879395763446
5.100000000000001,2.0525704783873184
5.1333333333333355,1.9662794074633625
5.166666666666668,1.8812011215768452
5.200000000000002,1.7878894624256185
5.233333333333334,1.6921373984143062
5.2666666666666675,1.5919486594730528
5.300000000000002,1.5003342842568081
5.333333333333334,1.413714160151724
5.366666666666668,1.3368456277997975
5.4,1.2704049469924648
5.433333333333334,1.2160412936321268
5.466666666666668,1.1790953489369491
5.5,1.1540785601119836
5.533333333333334,1.1471024174840574
5.566666666666666,1.1547073459551493
5.600000000000001,1.1791567753664605
5.6333333333333355,1.21665984181873
5.666666666666668,1.2665481872504647
5.700000000000002,1.3272164408582448
5.733333333333334,1.4026581905954951
5.7666666666666675,1.4839646977542131
5.800000000000002,1.5742372750234785
5.833333333333334,1.6682068550614146
5.866666666666668,1.7536883869327133
5.9,1.839284702480233
5.933333333333334,1.9172893130377477
5.966666666666668,1.9887909731998836
6.0,2.0513306291786213
6.033333333333334,2.103075534214619
6.066666666666666,2.138168520348036
6.100000000000001,2.1592472682524795
6.1333333333333355,2.168839575671465
6.166666666666668,2.163433787593579
6.200000000000002,2.1464455645198197
6.233333333333334,2.1139931960650937
6.2666666666666675,2.0665223343784245
6.300000000000002,2.011279104012633
6.333333333333334,1.9441260278459584
6.366666666666668,1.8701344637517237
6.4,1.7907752288716798
6.433333333333334,1.7072879439747328
6.466666666666668,1.6259700626419293
6.5,1.5435040973019611
6.533333333333334,1.4643808375273377
6.566666666666666,1.3936860386486987
6.600000000000001,1.3361224313722544
6.6333333333333355,1.2856646475802156
6.666666666666668,1.249097619446835
6.700000000000002,1.2247175045107888
6.733333333333334,1.2155633367162904
6.7666666666666675,1.2185277216297685
6.800000000000002,1.2342293303303724