t,θ
0.0,2.2265751780345875
0.03333333333333303,2.2187263232382675
0.06666666666666606,2.169574210989483
0.1,2.0923853099450387
0.13333333333333394,1.9840960943988102
0.16666666666666696,1.8640879614068295
0.2,1.7211988157091573
0.23333333333333303,1.5775537247102238
0.26666666666666605,1.4279624371157746
0.3,1.2894636545284128
0.3333333333333339,1.1626647966277124
0.366666666666667,1.0571418077610906
0.4,0.9728865288576554
0.433333333333333,0.9122334928000109
0.46666666666666695,0.8877910760590919
0.5,0.88753787530984
0.533333333333333,0.9147912350911015
0.566666666666667,0.9736130717080835
0.6,1.0511593019542131
0.633333333333334,1.1596967604732578
0.666666666666667,1.2805066617642602
0.7,1.4129041981334978
0.7333333333333331,1.547227718725044
0.766666666666666,1.6784591474458164
0.8,1.7976269842633064
0.8333333333333339,1.9100949469678365
0.8666666666666669,2.004925772437301
0.9,2.0710675787754633
0.933333333333333,2.1078270508809425
0.966666666666667,2.1132353546000933
1.0,2.0936723411415095
1.033333333333333,2.045843337348729
1.0666666666666669,1.9691860623978805
1.1,1.8712820833375765
1.133333333333334,1.7586999014648166
1.166666666666667,1.6338074279058004
1.2,1.5034390953959877
1.231666666666667,1.3776545986343085
1.265,1.2624509512966744
1.298333333333334,1.162375677073332
1.331666666666667,1.0802816085911506
1.365,1.0196175510068053
1.398333333333333,0.9852928677243187
1.431666666666666,0.9766327835355825
1.465,0.9922873741382626
1.498333333333334,1.0361625856261205
1.531666666666667,1.1006050450606586
1.565,1.1814275325046777
1.598333333333333,1.2819041422576012
1.631666666666667,1.3921334522894586
1.665,1.5084360798187229
1.698333333333333,1.6228063613134551
1.731666666666667,1.7342404582838118
1.765,1.8341749907883822
1.798333333333334,1.9169491369945784
1.831666666666667,1.982376559244581
1.865,2.0169938408788233
1.898333333333333,2.0274800075575303
1.931666666666666,2.0125867814537823
1.965000000000001,1.9660448621676736
1.998333333333334,1.9050239347891529
2.031666666666667,1.8202240875004736
2.065,1.7244546875012918
2.098333333333333,1.6208701795860312
2.131666666666667,1.5092618815998018
2.165,1.4046915233154071
2.1983333333333333,1.2987618797628944
2.231666666666667,1.2108595946249765
2.265,1.1389563780516883
2.298333333333334,1.082986088238132
2.331666666666667,1.0535027687362377
2.365,1.0423875309750277
2.398333333333333,1.053937786473853
2.431666666666666,1.0929626525398617
2.4650000000000007,1.1453802115962806
2.498333333333334,1.2188779523718745
2.531666666666667,1.3088925343518198
2.565,1.4059402944154626
2.598333333333333,1.5066693682063976
2.631666666666667,1.6051294000783363
2.665,1.6996248843319206
2.698333333333334,1.7794473869964074
2.731666666666667,1.848388103616638
2.765,1.9014827690917342
2.798333333333334,1.9341785754918257
2.831666666666667,1.9456959767762434
2.865,1.9329956893838822
2.898333333333333,1.9011204820989296
2.931666666666666,1.84900620278941
2.9650000000000007,1.7753669783380002
2.998333333333334,1.694028523002027
3.031666666666667,1.597420154237556
3.065000000000001,1.4977323931030102
3.098333333333334,1.4011493911600257
3.1316666666666677,1.3132491724682072
3.165000000000001,1.2336264389955702
3.198333333333334,1.1694572426223462
3.231666666666667,1.120015020976352
3.265000000000001,1.0898169108885978
3.298333333333333,1.0832454228572903
3.331666666666667,1.0957767393714666
3.365000000000001,1.1315239412472944
3.398333333333333,1.1806486444919702
3.431666666666667,1.2462914742628324
3.464999999999999,1.3205553059457071
3.498333333333333,1.4065855026257408
3.531666666666667,1.500471886039793
3.565000000000001,1.5911896876241483
3.598333333333335,1.679003069617856
3.631666666666667,1.7602465424553737
3.665000000000001,1.8265631945138552
3.698333333333335,1.873320053174625
3.731666666666667,1.9012969267383917
3.765000000000001,1.9034516677434958
3.798333333333333,1.8879900932371538
3.831666666666667,1.8525226928355556
3.865000000000001,1.7999709170090101
3.898333333333333,1.73317918204875
3.931666666666667,1.6552872953669429
3.964999999999999,1.5697481986201378
3.998333333333333,1.4838385210395997
4.031666666666667,1.395175932884544
4.065000000000001,1.3162572040032252
4.0983333333333345,1.2484583756945156
4.131666666666667,1.1909304712164697
4.165000000000001,1.149876038762321
4.198333333333335,1.1258198369026164
4.231666666666667,1.1226278305826165
4.265000000000001,1.1384503706462576
4.298333333333333,1.1702860107743205
4.331666666666667,1.2209294745118766
4.365000000000001,1.2828719510427613
4.398333333333333,1.3572876009057473
4.431666666666667,1.4376490998516567
4.464999999999999,1.525935733924917
4.498333333333333,1.6108981826198987
4.531666666666667,1.6866600999435475
4.565000000000001,1.7561329438641318
4.5983333333333345,1.8093117090355892
4.631666666666667,1.8480025994494211
4.665000000000001,1.8629233436391182
4.698333333333335,1.860609229840098
4.731666666666667,1.8440574321866239
4.765000000000001,1.807776760481745
4.798333333333333,1.7602697701848555
4.831666666666667,1.6973369937042495
4.865000000000001,1.6212480980269226
4.898333333333333,1.5452797651905799
4.931666666666667,1.467619058510352
4.964999999999999,1.3942593570100745
4.998333333333333,1.3214463753448582
5.031666666666669,1.2557472280678423
5.065000000000001,1.2057975551096962
5.0983333333333345,1.1696210808458023
5.131666666666667,1.1572186753751827
5.165000000000001,1.157560535813233
5.198333333333335,1.1760794940321437
5.231666666666667,1.210793217014117
5.265000000000001,1.2610875175337173
5.298333333333333,1.3230459836277058
5.331666666666667,1.3902224182155054
5.365000000000001,1.463076425979823
5.398333333333333,1.5411836532562773
5.431666666666667,1.6111172637577869
5.464999999999999,1.6773516909292778
5.498333333333333,1.733094571251448
5.531666666666669,1.7789152842286124
5.565000000000001,1.8078109957228297
5.5983333333333345,1.8186943379577571
5.631666666666667,1.8192605816026906
5.665000000000001,1.7988861347075675
5.698333333333335,1.7622915742788026
5.731666666666667,1.7142911641045182
5.765000000000001,1.6550658175234574
5.798333333333333,1.5888949559633943
5.831666666666667,1.51714276736546
5.865000000000001,1.4465453791521978
5.898333333333333,1.372421878955672
5.931666666666667,1.3118945098005976
5.964999999999999,1.259331757333414
5.998333333333333,1.219103515855183
6.031666666666669,1.1932568190221726
6.065000000000001,1.1839784154472672
6.0983333333333345,1.1881238717585219
6.131666666666667,1.211456222219127
6.165000000000001,1.2522922612106324
6.198333333333335,1.3013242582441635
6.231666666666667,1.3588882191790035
6.265000000000001,1.4197909666549295
6.298333333333333,1.4872794291351823
6.331666666666667,1.5605865073742753
6.365000000000001,1.6233373932781758
6.398333333333333,1.6827858516606178
6.431666666666667,1.732414826581241
6.464999999999999,1.7723665622991642
6.498333333333333,1.796049437616985
6.531666666666669,1.8021758243563466
6.565000000000001,1.7944018278982399
6.5983333333333345,1.7696820528771262
6.631666666666667,1.7334742094417013
6.665000000000001,1.685944030982487
6.698333333333335,1.624380029875561
6.731666666666667,1.5610174569442024
6.765000000000001,1.4913687914059586
6.798333333333333,1.4243665958944887
6.831666666666667,1.3658148680275717
6.865000000000001,1.3121532442234622
6.898333333333333,1.2705454867593269
6.931666666666667,1.2346429941509591
6.964999999999999,1.2182990725985545
6.998333333333335,1.216494396757881
7.031666666666669,1.2289753349631738
7.065000000000001,1.2554440994443952
7.0983333333333345,1.293253224244065
7.131666666666667,1.3423691318477144
7.165000000000001,1.3969696301650916
7.198333333333335,1.4568346963940195
7.231666666666667,1.5221183749005838
7.265000000000001,1.5820630013284116
7.298333333333333,1.64293614788869
7.331666666666667,1.6932530201710443
7.365000000000001,1.7365989864345248
7.398333333333333,1.7654735377298387
7.431666666666667,1.7762543746103607
7.464999999999999,1.7769621205436625
7.498333333333335,1.762766693405557
7.531666666666669,1.735905488742428
7.565000000000001,1.6957582000996811
7.5983333333333345,1.6468895315562087
7.631666666666667,1.5893663328006327
7.665000000000001,1.531698650213412
7.698333333333335,1.4719939934219732
7.731666666666667,1.410692108478333
7.765000000000001,1.3573366729724015
7.798333333333333,1.3129491688891015
7.831666666666667,1.2780638230692063
7.865000000000001,1.2551254433459518
7.898333333333333,1.2421770975706905
7.931666666666667,1.2417342299452674
7.964999999999999,1.2545551715550243
7.998333333333335,1.2806983999447357
8.031666666666668,1.3156460544435782
8.065000000000001,1.3641872955215335
8.098333333333334,1.4179587145942834
8.131666666666668,1.475944132136135
8.165000000000001,1.5356915976859635
8.198333333333336,1.590852144466171
8.231666666666667,1.640123828839659
8.265,1.6832076155356024
8.298333333333332,1.7180334839268456
8.331666666666667,1.7408746185570843
8.365,1.7513182976257937
8.398333333333332,1.7477578666941487
8.431666666666668,1.7317763394958205
8.465,1.7055031885289493
8.498333333333337,1.667416456849224
8.531666666666668,1.6180049770935931
8.565,1.5643312066944515
8.598333333333336,1.5099142379403059
8.631666666666668,1.4506878895620796
8.665,1.4017382879282465
8.698333333333336,1.3555186310774143
8.731666666666667,1.3146188651637716
8.765,1.2882048084702982
8.798333333333332,1.2723795382162002
8.831666666666667,1.2697140994638723
8.865,1.278118154779019
8.898333333333332,1.297405924642912
8.931666666666668,1.3262053656597426
8.965,1.3672709701532226
8.998333333333337,1.4133851536784134
9.031666666666668,1.4652311652324457
9.065,1.5166601523833003
9.098333333333336,1.5670890392532675
9.131666666666668,1.6140469644876625
9.165,1.659933998025619
9.198333333333336,1.6957295038178333
9.231666666666667,1.724202048201921
9.265,1.7384711969614324
9.298333333333332,1.7381864729190466
9.331666666666667,1.7274153118238866
9.365,1.704483935547907
9.398333333333332,1.674811853766616
9.431666666666668,1.6341807363907144
9.465,1.5862652170922191
9.498333333333337,1.5348368448942886
9.531666666666668,1.4836244940523278
9.565,1.4355556715711277
9.598333333333336,1.386816456552238
9.631666666666668,1.347220204220578
9.665,1.3178836737434292
9.698333333333336,1.2947502279188419
9.731666666666667,1.2803367134434027
9.765,1.280292555642093
9.798333333333332,1.2919925802743382
9.831666666666667,1.316475167023352
9.865,1.34750802591362
9.898333333333332,1.3860921264818002
9.931666666666668,1.4331981008621923
9.965,1.4835336846689058
9.998333333333337,1.534536335284464
10.031666666666668,1.5821703325959242
10.065,1.625669010147243
10.098333333333336,1.666831612926157
10.131666666666668,1.6954907080638866
10.165,1.7123554681279696
10.198333333333336,1.7198425286509125
10.231666666666667,1.719280967438431
10.265,1.7060003603885423
10.298333333333332,1.6820926069701454
10.331666666666667,1.6479778543989358
10.365,1.6095221416409864
10.398333333333332,1.5638810071419396
10.431666666666668,1.51512419639886
10.465,1.4659053173279024
10.498333333333337,1.4208123641408115
10.531666666666668,1.3818430758931513
10.565,1.3503293921677253
10.598333333333336,1.3209255790122907
10.631666666666668,1.308405780264829
10.665,1.3043444989903965
10.698333333333336,1.3081707613167055
10.731666666666667,1.323906644112947
10.765,1.3465883443331215
10.798333333333332,1.379649762583849
10.831666666666667,1.4167630134744433
10.865,1.460847328524619
10.898333333333332,1.5042229417439827
10.931666666666668,1.5467253458742547
10.965,1.5855870987795802
10.998333333333337,1.6222511817560694
11.031666666666668,1.6534309571314203
