t, rad
0.0,1.9548409420043675
0.03377777777777919,1.944876802001746
0.06755555555555474,1.9090817617028575
0.10133333333333212,1.8475852187094766
0.13511111111111132,1.7485944272831582
0.1688888888888887,1.6527641044156582
0.20266666666666788,1.5524883054054157
0.23644444444444343,1.4493331714362778
0.27022222222222264,1.3651816992942787
0.304,1.291869224076577
0.3377777777777774,1.2381219096493272
0.37155555555555475,1.2038473746583622
0.4053333333333321,1.2007785756179508
0.43911111111111134,1.2217641451713734
0.4728888888888887,1.2642038082866236
0.5066666666666679,1.3226525593821608
0.5404444444444434,1.3939346252246887
0.5742222222222209,1.478096577173163
0.608,1.5615457312859662
0.6417777777777773,1.6440426923122209
0.6755555555555566,1.7255220809754745
0.7093333333333321,1.7849766639969662
0.7432222222222227,1.8214273982063456
0.777,1.841298489255234
0.8107777777777774,1.8438411259501815
0.8445555555555566,1.8282007631024142
0.878333333333334,1.787780031244528
0.9121111111111113,1.7270218908694186
0.9458888888888887,1.656879225249105
0.979666666666666,1.582892216487706
1.0134444444444453,1.5097627292587936
1.0472222222222227,1.4364424811120402
1.081,1.3772712217344172
1.1147777777777774,1.328541388451757
1.1485555555555547,1.2944306681357227
1.182333333333334,1.2829942461890609
1.2161111111111114,1.2919292968765828
1.2498888888888886,1.3145189238973432
1.283666666666666,1.3534756654923346
1.3174444444444453,1.4034688595199625
1.3512222222222225,1.464147616814411
1.385,1.531375788822516
1.4187777777777775,1.5968673754093932
1.4525555555555547,1.6581953381379513
1.486333333333334,1.7126523133006528
1.5201111111111114,1.7480041910189392
1.5538888888888904,1.7687570485245858
1.5876666666666661,1.7747541308727388
1.6214444444444434,1.7662066860420882
1.6552222222222226,1.741266002487674
1.689,1.698581873984802
1.7227777777777793,1.648472878323101
1.7565555555555548,1.5909663283538418
1.790333333333334,1.5323091581192076
1.8241111111111112,1.4752240657617313
1.8578888888888887,1.425642736783225
1.891666666666668,1.385725688470489
1.9254444444444434,1.354356826931489
1.9592222222222226,1.3381054599095545
1.993,1.3399619862493692
2.026777777777779,1.3566355962843764
2.0605555555555566,1.383427582125847
2.0944444444444454,1.4215547065153247
2.1282222222222207,1.4674113010986454
2.162,1.5205184298986452
2.1957777777777774,1.5720509315179028
2.2295555555555566,1.6231324125068312
2.263333333333334,1.6659066313927062
2.297111111111111,1.697076818821855
2.3308888888888886,1.715356728988797
2.364666666666666,1.7226651657519245
2.3984444444444453,1.7187187933353085
2.4322222222222227,1.7011866106120814
2.466,1.6710111485059491
2.499777777777777,1.6309709296924242
2.5335555555555564,1.586067922415778
2.567333333333334,1.5404966990302267
2.6011111111111114,1.4965064023659231
2.634888888888889,1.457292803080227
2.668666666666666,1.4259289670247306
2.702444444444445,1.4007167409386623
2.7362222222222243,1.3871725492481715
2.77,1.3865491236314007
2.8037777777777775,1.3980364882339043
2.8375555555555567,1.418263128545767
2.871333333333332,1.4477820971387199
2.905111111111111,1.4821755143342983
2.9388888888888887,1.52151713906105
2.972666666666668,1.5617348706042575
3.0064444444444436,1.6003701866307491
3.040222222222223,1.6350239151698547
3.0740000000000016,1.6612857828586285
3.1077777777777755,1.6761720166836307
3.1415555555555548,1.6812718392977815
3.175333333333336,1.6779413268922274
3.2091111111111132,1.6643662143295743
3.243,1.642531978294709
3.2767777777777773,1.612533834267495
3.310555555555555,1.578091884704771
3.344333333333336,1.542965291393529
3.3781111111111093,1.5083168784773204
3.4118888888888868,1.4785454860033063
3.4456666666666678,1.4521138624796934
3.4794444444444452,1.4326783214969336
3.5132222222222227,1.4214814492428751
3.547,1.4212303926078864
3.580777777777777,1.4303403224050943
3.6145555555555546,1.4459447683681723
3.648333333333332,1.4685631586037595
3.682111111111113,1.498038844850026
3.7158888888888906,1.5299051968945048
3.749666666666664,1.5598577998898504
3.783444444444445,1.590310905451336
3.8172222222222225,1.615876882757798
3.851,1.6358457415233574
3.8847777777777774,1.6486038130794252
3.918555555555555,1.6525667007536866
3.952333333333336,1.649617246409772
3.9861111111111094,1.6397728334465584
4.01988888888889,1.6218824469621145
4.053666666666668,1.5987219287308359
4.087444444444442,1.5721797152692516
4.121222222222222,1.5441635239836584
4.155,1.5164421799443073
4.188777777777781,1.4920724511623416
4.222555555555555,1.4725290238341109
4.256333333333332,1.457183070517412
4.290111111111113,1.451053851764011
4.323888888888887,1.4515562071321728
4.357666666666668,1.4588168887878197
4.391444444444446,1.4724265651474029
4.425222222222223,1.4910631024384857
4.459,1.5134242270177019
4.4927777777777775,1.537921304640461
4.526555555555558,1.563794415048217
4.5603333333333325,1.5852265045109655
4.5941111111111095,1.6049006627262576
4.627888888888891,1.6205074400374022
4.661666666666668,1.6295674080564186
4.695444444444445,1.631982094275345
4.729222222222223,1.629161810387797
4.763111111111109,1.6206592642687232
4.7968888888888905,1.60566346279025
4.830666666666664,1.5872067260243485
4.8644444444444455,1.567392434388365
4.8982222222222225,1.5479988625449723
4.932,1.527532271975195
4.965777777777777,1.5093386782801235
4.999555555555554,1.4947972241577518
5.033333333333336,1.4844966004651552
5.067111111111109,1.4796515844987645
5.100888888888887,1.4799499190918255
5.134666666666668,1.4848157680479508
5.168444444444445,1.4952422546768527
5.202222222222223,1.5093029864828127
5.236,1.5266385888296197
5.269777777777778,1.5443145241883633
5.303555555555555,1.5628371104173842
5.337333333333332,1.5785242088011149
5.371111111111113,1.5924424104543906
5.40488888888889,1.6030996532823456
5.4386666666666645,1.607772600202528
5.472444444444445,1.6077929702312983
5.506222222222223,1.603461895222779
5.54,1.5951709182211173
5.573777777777777,1.5836720773779736
5.607555555555555,1.568766241075129
5.6413333333333355,1.5530228836754782
5.67511111111111,1.537772000926241
5.7088888888888905,1.5240545828335044
5.7426666666666675,1.5101737802035802
5.776444444444442,1.4995921932822402
5.810222222222222,1.4940760375323288
5.844,1.4928898371278667
5.877777777777781,1.4944858821958604
5.911555555555554,1.4997970447759525
5.945333333333332,1.5089263580289276
5.979111111111113,1.5212245673233278
6.013,1.5350363097670605
6.046777777777778,1.5501240266300527
6.080555555555555,1.5644812421469096
6.114333333333335,1.5761684973120207
6.148111111111113,1.58493892910976
6.181888888888887,1.5911703308358494
6.215666666666668,1.5929863809218805
6.249444444444445,1.5925250827328619
6.283222222222222,1.58832841047811
6.317,1.5805162036913305
6.350777777777777,1.5709214699289238
6.384555555555559,1.5606080647126968
6.418333333333332,1.5499234337686185
6.452111111111114,1.538197363080113
6.485888888888891,1.5293823405358264
6.519666666666664,1.519589375488074
6.5534444444444455,1.5138825368327993
6.5872222222222225,1.511565280795406
6.621,1.5112051346606088
6.6547777777777775,1.514065007644079
6.6885555555555545,1.5191772779670276
6.722333333333336,1.5269143193657444
6.756111111111109,1.5358536743721922
6.789888888888887,1.5456790054781269
6.823666666666668,1.5552581792597222
6.857444444444445,1.5651826706507928
6.891222222222223,1.5726760542050942
6.925,1.5779297127828869
6.958777777777778,1.5806613317221263
6.992555555555555,1.5805542439771973
7.026333333333332,1.5784298632554907
7.060111111111113,1.5732393747889581
7.09388888888889,1.5679573331465686
7.127666666666665,1.5599890910491823
7.161444444444445,1.5529596587683958
7.195222222222222,1.5457422821167293
7.229,1.5392491516435185
7.262777777777777,1.5319089175586909
7.296555555555555,1.5267674439162593
7.330333333333336,1.524511063482455
7.364111111111109,1.5237297785713093
7.3978888888888905,1.5245616580375263
7.4316666666666675,1.5273300468283397
7.465444444444442,1.53183435936336
7.4992222222222225,1.5367745573973608
7.5331111111111095,1.5426899443432753
7.56688888888889,1.5494074082076352
7.600666666666668,1.5540000339479307
7.634444444444445,1.5583640461627055
7.668222222222223,1.5625834788228758
7.702,1.5652513759030786
7.735777777777777,1.5660080197488275
7.769555555555555,1.5651824052924455
7.8033333333333355,1.5633994548429644
7.837111111111113,1.5586322226330855
7.870888888888887,1.5533617823902655
7.904666666666668,1.548570612061815
7.938444444444445,1.5435125767133533
7.972222222222222,1.538691856164616
8.006,1.534198068937564
8.039777777777777,1.5308092353344165
8.073555555555558,1.5299801358726717
8.107333333333331,1.531065252311432
8.141111111111114,1.531926013173915
8.17488888888889,1.5335683634094843
8.208666666666664,1.536813117107238
8.242444444444445,1.540291891981184
8.276222222222223,1.5455943280421989
8.310000000000004,1.5498880099081485
8.343777777777778,1.5539077105164765
8.377555555555555,1.556260368685004
8.411333333333335,1.5579735000225439
8.44511111111111,1.5588573717848617
8.478888888888887,1.5583555011887966
8.512666666666668,1.557447000303319
8.546444444444445,1.5559852694142675
8.580222222222222,1.5540156920316452
8.614,1.5510341341517588
8.647777777777778,1.548235732175238
8.681555555555555,1.5456290185466588
8.715333333333332,1.5439687418140096
8.749111111111112,1.5415731350074948
8.783,1.540258433104006
8.816777777777782,1.540812916305045
8.850555555555555,1.5409889966043206
8.884333333333332,1.5413467281628104
8.918111111111113,1.5419997826243408
8.951888888888886,1.5429323043632697
8.985666666666669,1.5451046194313973
9.019444444444446,1.5471128914261147
9.053222222222223,1.5483474144121623
9.087,1.5494381068215568
9.120777777777777,1.549355668411106
9.154555555555559,1.5487963240145073
9.188333333333333,1.5486168821532724
