t,θ
0.0,2.1073624353297955
0.03333333333333394,2.1073375918435957
0.06666666666666697,2.107300057998022
0.10000000000000091,2.1052367061538555
0.13333333333333394,2.101479369113898
0.16666666666666696,2.096392267752588
0.2000000000000009,2.0883555429840537
0.23333333333333395,2.0819006263238515
0.266666666666667,2.0736079604072835
0.3,2.0647981367834887
0.33333333333333304,2.054730697955269
0.36666666666666786,2.0440928347687617
0.4000000000000009,2.0341696313601436
0.43333333333333396,2.0220939777226925
0.4666666666666679,2.0078847510906233
0.5000000000000009,1.9952416595477531
0.5333333333333349,1.9805573878644702
0.5666666666666679,1.9673673555740068
0.6000000000000009,1.9504648762513939
0.633333333333334,1.9352896721053399
0.6666666666666679,1.919170710963161
0.7,1.9043202012746077
0.733333333333334,1.88850188023826
0.7666666666666678,1.8727586219330443
0.8,1.8579925888568216
0.8333333333333339,1.8413193282441713
0.866666666666666,1.825341024693332
0.9,1.8070074682728587
0.9333333333333339,1.7915495371059398
0.9666666666666679,1.774334653801613
1.0000000000000018,1.7591898906220693
1.0333333333333339,1.7431798921184387
1.066666666666668,1.7286575774170192
1.1000000000000019,1.715363509715638
1.133333333333334,1.698742602951254
1.1666666666666679,1.6844307376470689
1.2,1.672207232985538
1.2333333333333338,1.6599236203434977
1.266666666666668,1.647165910717008
1.3,1.634756437912837
1.333333333333334,1.6219218187289948
1.366666666666666,1.6097717432439738
1.4,1.6001763783262495
1.433333333333334,1.5892510103689375
1.466666666666668,1.5826760988173127
1.5000000000000018,1.5760905217799022
1.5333333333333339,1.5702928436821237
1.566666666666668,1.5639006064056389
1.6000000000000019,1.557675235400663
1.633333333333334,1.5526174802403492
1.6666666666666679,1.5466903818297721
1.7,1.5453988340163667
1.7333333333333338,1.543781848494093
1.766666666666668,1.5439374026405166
1.8,1.5446354023447968
1.833333333333334,1.5449529509517075
1.866666666666666,1.5448878806021538
1.9,1.5468947592893216
1.933333333333334,1.550393445914229
1.966666666666668,1.554490703242717
2.0000000000000018,1.5599141706843802
2.033333333333334,1.565749332395174
2.0666666666666678,1.572707272627098
2.100000000000002,1.5796778429342129
2.1333333333333337,1.5863099127973823
2.166666666666668,1.592816670999885
2.2,1.5992612194260591
2.233333333333334,1.6060853298416515
2.266666666666668,1.6122346907668306
2.3,1.6205078217156648
2.333333333333334,1.62990266926951
2.3666666666666663,1.6383347824990642
2.4,1.646971127230465
2.433333333333336,1.65563908420773
2.4666666666666677,1.6655619063127214
2.5000000000000018,1.6757129114073201
2.533333333333334,1.683707554630065
2.5666666666666678,1.690969743831367
2.600000000000002,1.698974939113085
2.6333333333333337,1.707047857120986
2.666666666666668,1.715730448436665
2.7,1.7248070884782918
2.733333333333334,1.7306413389647333
2.766666666666668,1.735999417788717
2.8,1.7429615391959696
2.833333333333334,1.7486297686017198
2.8666666666666663,1.7548503279561487
2.9,1.760392076158166
2.933333333333336,1.7677433037487955
2.9666666666666677,1.771150081682054
3.0000000000000018,1.7761250595241382
3.033333333333334,1.782571305116682
3.0666666666666678,1.7873217185444594
3.100000000000002,1.7903890905265498
3.1333333333333337,1.7922789953897538
3.166666666666668,1.7936369981833578
3.2,1.7954709417098895
3.233333333333334,1.7976311115040053
3.266666666666668,1.798271762918197
3.3,1.79864660417642
3.333333333333334,1.79845482652399
3.3666666666666663,1.7982861141954873
3.4,1.7981192675991533
3.433333333333336,1.7977757412951711
3.4666666666666677,1.7980125091208012
3.5000000000000018,1.7964131745134804
3.533333333333334,1.7937111233877905
3.5666666666666678,1.7929735787648107
3.600000000000002,1.7892529268811517
3.6333333333333337,1.786230222933181
3.666666666666668,1.7841679069412177
3.7,1.7792815811769982
3.733333333333334,1.7765449940237494
3.766666666666668,1.7728344733561079
3.8,1.7702828901933347
3.833333333333334,1.767241330070729
3.8666666666666663,1.7640242030906828
3.9,1.761137496696049
3.933333333333336,1.757821999462646
3.9666666666666677,1.7547828695713235
4.000000000000002,1.7523553718401776
4.033333333333334,1.74911331412151
4.066666666666668,1.7453334876122617
4.100000000000001,1.7432287452840456
4.133333333333334,1.7392090514257201
4.166666666666668,1.736782425143838
4.2,1.7333703930535571
4.233333333333334,1.731070330300601
4.2666666666666675,1.729103713239412
4.3,1.727879848658381
4.333333333333334,1.7249949050410087
4.366666666666666,1.7214904336274433
4.400000000000002,1.7196691605206265
4.433333333333335,1.720081776484743
4.466666666666668,1.7195069610176656
4.500000000000002,1.7201180480595202
4.533333333333334,1.7200453374573055
4.566666666666668,1.720192093743832
4.600000000000001,1.7201257148388862
4.633333333333334,1.720412635885562
4.666666666666668,1.7203333495583448
4.7,1.7204341573868296
4.733333333333334,1.7205246061956323
4.7666666666666675,1.7205377973468572
4.8,1.7206823817747186
4.833333333333334,1.7205854136143126
4.866666666666666,1.7206598012414422
4.900000000000002,1.720646912479079
4.933333333333335,1.7206872245467093
4.966666666666668,1.720529545863867
5.000000000000002,1.7206205159115404
5.033333333333334,1.7206894817436675
5.066666666666668,1.7205423555485992
5.100000000000001,1.7207494551809475
5.133333333333334,1.7205263514413134
5.166666666666668,1.7205156167366273
5.2,1.7206689853318926
5.233333333333334,1.7206357747998704
5.2666666666666675,1.720515508308302
5.3,1.7205421024408842
5.333333333333334,1.7206739735034475
5.366666666666666,1.7206103625693054
5.400000000000002,1.7205536307609057
5.433333333333335,1.7203772411836928
5.466666666666668,1.7205745848685425
5.500000000000002,1.72055183088493
5.533333333333334,1.7203147824656815
5.566666666666668,1.7205477628476147
5.600000000000001,1.7204788383446818
5.633333333333334,1.7203969446968717
5.666666666666668,1.7204974797816213
5.7,1.7205083056099688
5.733333333333334,1.7205061298901885
5.7666666666666675,1.7204550857995229
5.8,1.7205062793195596
5.833333333333334,1.7207949206741318
5.866666666666666,1.7205301171665084
5.900000000000002,1.7205293304508098
5.933333333333335,1.7205872059931664
5.966666666666668,1.7205427129437847
6.000000000000002,1.7205980713102915
6.033333333333334,1.7205733258282123
6.066666666666668,1.720543249471598
6.100000000000001,1.7205468278088751
6.133333333333334,1.7205528432069022
6.166666666666668,1.7205372708421551
6.2,1.7205406023343708
6.233333333333334,1.7205072371572063
6.2666666666666675,1.720291554211815
6.3,1.720567037136944
6.333333333333334,1.720429547021234
6.366666666666668,1.7201563805490698
