t,θ
0.0,2.806835031626438
0.03166666666666606,2.7945778224198787
0.065,2.7361559247369827
0.09833333333333304,2.6255692961013506
0.13166666666666607,2.476909996748991
0.165,2.2861132901902947
0.19833333333333303,2.038763666762404
0.23166666666666696,1.7811396949290337
0.265,1.503057392543444
0.298333333333333,1.244084352292437
0.33166666666666605,1.0005499190487865
0.3649999999999991,0.8107157479025153
0.39833333333333304,0.6616784969647558
0.431666666666667,0.5663215604049159
0.465,0.5155512505643579
0.498333333333333,0.5038154466364937
0.5316666666666661,0.5382949984633779
0.565,0.6140498435963629
0.598333333333333,0.7365207873073008
0.631666666666666,0.9001330472230803
0.665,1.1047393745156797
0.698333333333333,1.339797933749589
0.731666666666667,1.5892277331603448
0.765,1.8395572156195852
0.798333333333333,2.0682563718112377
0.8316666666666661,2.267026347575038
0.8649999999999991,2.427372239835615
0.898333333333334,2.545902513776607
0.931666666666667,2.616073849253713
0.965,2.6423670068669636
0.9983333333333331,2.6215827078587512
1.031666666666666,2.561401721332016
1.065,2.4558297511081486
1.098333333333333,2.3005392890723857
1.1316666666666662,2.120546639692641
1.165,1.9038297184103914
1.198333333333333,1.6827878438403563
1.231666666666667,1.4431326250252534
1.265,1.2225761144351155
1.2983333333333331,1.023792228591645
1.331666666666666,0.8664018886161029
1.364999999999999,0.7521997197302002
1.3983333333333339,0.6708136071138546
1.4316666666666669,0.6365324638337602
1.465,0.6382665993786257
1.498333333333333,0.6863228800678045
1.531666666666666,0.7709095960164856
1.565,0.8940212843173313
1.598333333333333,1.0571964408954755
1.631666666666667,1.2561111996820746
1.665,1.471800311837875
1.698333333333333,1.6942315921726188
1.731666666666667,1.907927574042243
1.765,2.1030812630368367
1.7983333333333331,2.255749367711333
1.831666666666666,2.3756743426211124
1.864999999999999,2.4601601655984178
1.8983333333333339,2.503469913617661
1.9316666666666669,2.503799513447446
1.965,2.470927313013581
1.998333333333334,2.401905095570822
2.031666666666667,2.289981929343075
2.065000000000001,2.136112697175463
2.098333333333334,1.9538401999247828
2.131666666666667,1.754482273209748
2.165,1.545543126676044
2.198333333333334,1.3399236105187544
2.231666666666666,1.152011050962926
2.265,0.9906053638929949
2.298333333333334,0.8652659423939316
2.331666666666666,0.7832661528128212
2.365,0.736074767102712
2.398333333333332,0.7267357277233579
2.431666666666666,0.7570766510896579
2.465,0.8231878433867328
2.498333333333334,0.9176540404828528
2.531666666666668,1.0540885977593588
2.565,1.22359627060286
2.598333333333334,1.412584170567347
2.6316666666666677,1.6106541493577706
2.665,1.807514071528055
2.698333333333334,1.9961124228291245
2.731666666666666,2.1562794804908876
2.765,2.288206833266855
2.798333333333334,2.378094609861476
2.831666666666666,2.429793348963461
2.865,2.444689022924535
2.898333333333332,2.4243310150093826
2.931666666666666,2.367383245288398
2.965,2.276355118582149
2.998333333333334,2.154592700322598
3.031666666666668,1.9891593387827615
3.065,1.8054463115273593
3.098333333333334,1.6150699351757867
3.1316666666666677,1.429163856852614
3.165,1.2518241682014521
3.198333333333334,1.0936711353089326
3.231666666666666,0.9707691855429372
3.265,0.8855932229455297
3.298333333333334,0.8302434538522885
3.331666666666666,0.8121171883228859
3.365,0.8304163023048338
3.398333333333332,0.8840939653667357
3.431666666666666,0.9662730050285955
3.465,1.0842478329521914
3.498333333333334,1.2264909340554753
3.531666666666668,1.394402902428923
3.565,1.5678106458068832
3.598333333333334,1.7467366224182952
3.6316666666666677,1.9113675646122295
3.665,2.0585018630317107
3.698333333333334,2.178326163226296
3.731666666666666,2.267160196641895
3.765,2.324903644473264
3.798333333333334,2.3464112968564876
3.831666666666666,2.330816557660503
3.865,2.281093147966439
3.898333333333332,2.1991949000030093
3.931666666666666,2.0802732426396853
3.9650000000000016,1.9365025625210053
3.998333333333334,1.7794534411554348
4.031666666666668,1.6142198918214308
4.065,1.4489601254741156
4.098333333333334,1.2861474071006527
4.131666666666668,1.1404653111489709
4.165,1.0293267444947032
4.198333333333334,0.9448857829668702
4.2316666666666665,0.8861027780722668
4.265,0.86789573926329
4.298333333333334,0.8789242444712715
4.331666666666666,0.9274787207265155
4.365,1.0007142768580493
4.3983333333333325,1.1063217039315303
4.431666666666666,1.2366891375073192
4.465000000000002,1.385100115577504
4.498333333333334,1.5507093189471797
4.531666666666668,1.717908706328659
4.565,1.8730711934998605
4.598333333333334,2.006597620192312
4.631666666666668,2.113231764982431
4.665,2.195189675726902
4.698333333333334,2.249366908223899
4.7316666666666665,2.2747246686384726
4.765,2.2661301735873085
4.798333333333334,2.2282492264314757
4.831666666666666,2.1534991773404517
4.865,2.054099241977651
4.8983333333333325,1.9239206925757049
4.931666666666666,1.779048402628037
4.965000000000002,1.6194544520973437
4.998333333333334,1.4656320418291688
5.031666666666668,1.3238981526991216
5.065,1.198011693587854
5.098333333333334,1.0874440920263986
5.131666666666668,1.0040068326931142
5.165,0.9510912138900434
5.198333333333334,0.929769148466098
5.2316666666666665,0.9380621725012427
5.265,0.9794752249884129
5.298333333333334,1.0469875993487778
5.331666666666666,1.1386701310759084
5.365,1.255599119854279
5.3983333333333325,1.3884313486010422
5.431666666666666,1.532376670343097
5.465000000000002,1.6880742992561066
5.498333333333334,1.8382524568004386
5.531666666666668,1.973977355173073
5.565,2.0793538426821234
5.598333333333334,2.159761548824209
5.631666666666668,2.2119519938483325
5.665,2.2307425476438936
5.698333333333334,2.2228452077923997
5.7316666666666665,2.189088334462678
5.765,2.122555741759254
5.798333333333334,2.0279073332257687
5.831666666666666,1.9122786583641098
5.865,1.7773811774009352
5.8983333333333325,1.6276529359216778
5.9316666666666675,1.4838919936505106
5.965000000000002,1.3491942276538296
5.998333333333334,1.2278637759197792
6.031666666666668,1.1287864360282902
6.065,1.0515342918223638
6.098333333333334,0.9996024971042949
6.131666666666668,0.9842883255855985
6.165,0.9947136478877235
6.198333333333334,1.0301377497871038
6.2316666666666665,1.0908694939288437
6.265,1.1807297349783856
6.298333333333334,1.2937529122287903
6.331666666666666,1.4232661450750697
6.365,1.5605990702574357
6.3983333333333325,1.7045234538527754
6.4316666666666675,1.8392753362341363
6.465000000000002,1.9582914049863325
6.498333333333334,2.0565317591773047
6.531666666666668,2.1270073136716388
6.565,2.1730959774753646
6.598333333333334,2.1926572247013376
6.631666666666668,2.1830844987939733
6.665,2.1495922444431774
6.698333333333334,2.0866493651688653
6.7316666666666665,1.9966303563043568
6.765,1.8942753271329495
6.798333333333334,1.77542940359414
6.831666666666666,1.6415597523901846
6.865,1.50885878468958
6.8983333333333325,1.3816758430843046
6.9316666666666675,1.2667627556509937
6.965000000000002,1.1699032000930978
6.998333333333334,1.1025630285921784
7.031666666666668,1.0575170889284105
7.065,1.0405553836137609
7.098333333333334,1.054681302921039
7.131666666666668,1.089283774150436
7.165,1.1535305812785512
7.198333333333334,1.2348087357621882
7.2316666666666665,1.3375778579607156
7.265,1.457548376886603
7.298333333333334,1.576797518404875
