t, rad
0.03377777777777737,1.6567551276210328
0.06755555555555474,1.6504868784509943
0.10133333333333212,1.6381290713568333
0.13511111111111132,1.6180136041736188
0.1688888888888887,1.5950724508004046
0.20266666666666605,1.5689638046313852
0.23644444444444343,1.5441127931800915
0.2702222222222208,1.5203689073278084
0.304,1.5024791816872303
0.3377777777777774,1.489062870024768
0.37155555555555475,1.48301154624168
0.4053333333333321,1.4809924095849913
0.43911111111111134,1.4869204406443672
0.4728888888888887,1.4982393031674097
0.506666666666666,1.515297695033336
0.5404444444444434,1.5351512606775362
0.5742222222222209,1.5582629268182546
0.608,1.580491777936804
0.6417777777777773,1.602102208201242
0.6755555555555566,1.6178895226093921
0.7093333333333321,1.6313588616957986
0.7431111111111095,1.6388275623685888
0.7768888888888887,1.6378327250926326
0.8106666666666661,1.631696113112348
0.8444444444444452,1.6216003857655468
0.8782222222222208,1.606565849033544
0.912,1.5892767885651224
0.9458888888888887,1.5680761949757298
0.979666666666666,1.547379142533839
1.0134444444444435,1.5272478462425458
1.0472222222222227,1.511179983578776
1.0809999999999982,1.5003485743684573
1.1147777777777774,1.4942896783304858
1.1485555555555547,1.4950228421143912
1.182333333333334,1.4996811229827303
1.2161111111111114,1.5097154437985407
1.2498888888888868,1.5237094595299419
1.283666666666666,1.5417675700607572
1.3174444444444435,1.558698412624432
1.3512222222222225,1.5769206838294578
1.385,1.5958872104071928
1.4187777777777775,1.61113784742005
1.4525555555555547,1.6191573913103299
1.4863333333333322,1.62437282969546
1.5201111111111114,1.6248019402658396
1.5538888888888887,1.6193240693337918
1.5876666666666661,1.6096652934747384
1.6214444444444434,1.5980884018575414
1.6552222222222226,1.584120179462761
1.689,1.5669256900716328
1.7227777777777773,1.5507746701844842
1.7565555555555548,1.5356578901769589
1.7903333333333322,1.5222746408139458
1.8241111111111112,1.5115313578358844
1.8578888888888887,1.5055406815616272
1.8916666666666662,1.5051477757952318
1.9254444444444434,1.5098728818427158
1.9592222222222209,1.5161078308387321
1.9931111111111095,1.5273546628593873
2.0268888888888887,1.5414884974207397
2.060666666666666,1.5562899460534927
2.0944444444444454,1.5723123017904874
2.1282222222222207,1.5869656350667378
2.162,1.5986736686007361
2.195777777777779,1.6076870177026465
2.229555555555555,1.6121954312420572
2.263333333333334,1.6136188443818034
2.297111111111111,1.6097647073233445
2.330888888888887,1.602265821515332
2.364666666666666,1.5914499845780485
2.3984444444444453,1.578002518522621
2.4322222222222227,1.5637440186081875
2.465999999999998,1.5507259746956674
2.499777777777777,1.5375293721616403
2.5335555555555564,1.52738405897149
2.567333333333332,1.5199691192492941
2.6011111111111096,1.5145276281427726
2.6348888888888906,1.5136127307514986
2.668666666666668,1.5174645445853663
2.7024444444444415,1.522713130115662
2.7362222222222226,1.532231381022632
2.77,1.5444604627137912
2.8037777777777775,1.5563149575398318
2.837555555555555,1.5702426710380515
2.871333333333332,1.5827686412101099
2.905111111111113,1.593505553444806
2.938888888888887,1.600849463172814
2.972666666666668,1.6054807594158242
3.0064444444444454,1.6053019962914554
3.0403333333333356,1.6013047898692947
3.0741111111111095,1.595873562026316
3.107888888888887,1.5866645394540866
3.141666666666668,1.5754650616363604
3.1754444444444454,1.562361325337534
3.2092222222222224,1.5505194735664858
3.243,1.5401770663117895
3.2767777777777773,1.5303452059342686
3.310555555555555,1.524391040376399
3.3443333333333323,1.5211962805128334
3.3781111111111133,1.5216426139214136
3.4118888888888903,1.525147620087913
3.445666666666664,1.5308213435099747
3.4794444444444452,1.5393201238253975
3.5132222222222227,1.548709633628168
3.547,1.559772213309744
3.580777777777777,1.5709228447437784
3.6145555555555546,1.5805011785169745
3.6483333333333356,1.5897462536934073
3.6821111111111096,1.5948346640981814
3.715888888888887,1.5977509214449537
3.749666666666668,1.5966659519578577
3.7834444444444415,1.593315444442798
3.8172222222222225,1.5877539327921515
3.851,1.5808741538836484
3.8847777777777774,1.5702395985190258
3.918555555555555,1.558856712563876
3.952333333333332,1.5486174318871595
3.986111111111113,1.5385223610332215
4.019888888888887,1.5299211350046655
4.053666666666664,1.5248608190145074
4.087444444444445,1.522059256614574
4.121222222222222,1.5218345950516214
4.155,1.5247409910200136
4.188777777777777,1.5303549519438358
4.222555555555555,1.5386685882295348
4.256333333333332,1.5477664727134748
4.290222222222219,1.5590528813074576
4.324,1.56970624106206
4.357777777777778,1.5791878195340248
4.391555555555558,1.5850264133941026
4.425333333333332,1.5915733624802146
4.45911111111111,1.5937049999871724
4.49288888888889,1.59402906231857
4.526666666666665,1.5901799870518678
4.560444444444445,1.5859825647186936
4.594222222222222,1.5782456129876088
4.628,1.5697330224816022
4.661777777777777,1.559555689334445
4.695555555555555,1.5496197006545418
4.729333333333336,1.5402509502960642
4.763111111111109,1.5337927814201622
4.796888888888887,1.5299204521893177
4.8306666666666676,1.5277650217536478
4.8644444444444455,1.5273202204637941
4.8982222222222225,1.5303971538185952
4.932,1.5352612866662072
4.965777777777777,1.541580937982656
4.999555555555554,1.5500461382551987
5.033333333333332,1.5613901914986261
5.067111111111113,1.570943251569196
5.100888888888891,1.5777165050887503
5.134666666666664,1.583734477594426
5.168444444444445,1.5881836569630006
5.202222222222223,1.5897753950352156
5.236,1.5885873665672283
5.269777777777778,1.5855208815207764
5.303555555555555,1.5807799279536094
5.337333333333336,1.5742702938155497
5.37111111111111,1.56664261516801
5.40488888888889,1.5585114626824013
5.438777777777777,1.550821410216456
5.472555555555555,1.5441849941738393
5.506333333333332,1.5374762755365374
5.540111111111109,1.5337953979078298
5.573888888888891,1.5334671194849663
5.607666666666668,1.5329114270001198
5.641444444444442,1.5356449987037477
5.675222222222223,1.540353318333598
5.709,1.5469778042518987
5.7427777777777775,1.5538328880608396
5.7765555555555546,1.561925393355169
5.8103333333333325,1.5697013458693336
5.844111111111113,1.577227988045191
5.8778888888888865,1.5832176226831136
5.911666666666668,1.5861794122883692
5.945444444444445,1.5867856445761146
5.979222222222219,1.5858607574682042
6.013,1.5830184676171
6.046777777777778,1.578142038151315
6.080555555555558,1.5719620791120685
6.114333333333332,1.5645496538908097
6.14811111111111,1.5571340067991517
6.18188888888889,1.5491428961046287
6.215666666666665,1.5423911350883066
6.249444444444445,1.5379016799054996
6.283222222222222,1.5349638165962636
6.317,1.5342757698784937
6.350777777777777,1.5355585318467997
6.384555555555555,1.538056637819135
6.418333333333336,1.542911851592638
6.452111111111109,1.5488555616039383
6.485888888888887,1.555767988309909
6.519666666666668,1.5636171897600804
6.5534444444444455,1.5712561610515992
6.5872222222222225,1.5756831953151962
6.621,1.5802817533218465
6.6547777777777775,1.5835069517274516
6.6885555555555545,1.5839359990076822
6.722333333333332,1.5823187413668975
6.756111111111113,1.579799854870987
6.789888888888891,1.5754574965916843
6.823666666666664,1.5695250483142573
6.857444444444445,1.5635939580760208
6.891222222222223,1.5573044217554244
6.925,1.550776049883877
6.958888888888887,1.5453959912802167
6.992666666666664,1.5407651905810444
7.026444444444445,1.53901316315742
7.060222222222222,1.5369842643597644
7.094,1.5384144212979658
7.127777777777777,1.5411470084847645
7.161555555555554,1.5456784169866238
7.195333333333332,1.5512481072051518
7.229111111111109,1.5567908535166979
7.262888888888891,1.5639384505490554
7.296666666666668,1.5703704165074381
7.330444444444441,1.5751639882938895
7.364222222222223,1.5795568323046953
7.398,1.582709867246642
7.431777777777778,1.583506046315793
7.465555555555555,1.5817579066429364
7.4993333333333325,1.5780703822050093
7.533111111111113,1.5727698323849897
7.5668888888888866,1.5671373869583465
7.600666666666668,1.5605675547297093
7.634444444444445,1.5563673616265652
7.668222222222219,1.5507991630873046
7.702,1.5458878720541416
7.735777777777777,1.5424791824506223
7.769555555555558,1.5407888528552451
7.803333333333332,1.5404704148698998
7.83711111111111,1.5411308757076143
7.87088888888889,1.543888284637378
7.904666666666664,1.5480605475271352
7.938444444444445,1.5537975981354621
7.972222222222222,1.5595236629776232
8.006,1.565111846248883
8.039777777777777,1.570120514676513
8.073555555555554,1.574766523635179
8.107333333333337,1.5789151943028634
8.14111111111111,1.5792417237385528
8.174888888888887,1.5780139166533402
8.208777777777778,1.5767657021391186
8.242555555555555,1.5748584987866796
8.276333333333335,1.5701966166368477
8.310111111111109,1.564673260355875
8.343888888888891,1.5589183988920403
8.377666666666668,1.553990665807981
8.411444444444442,1.5484342942830573
8.445222222222222,1.5441618312807635
8.479,1.5408843605431592
8.512777777777782,1.5393170245688994
8.546555555555555,1.5381464083900032
8.580333333333332,1.540015556435856
8.614111111111113,1.5437214254867826
8.647888888888886,1.5481882782254646
8.681666666666668,1.5538370577883276
8.715444444444445,1.5595093365333599
8.749222222222222,1.5642891565742336
8.783,1.5696419815256988
8.816777777777776,1.573932054940178
8.850555555555555,1.5777675477535138
8.884333333333332,1.5784723228858666
8.91811111111111,1.5779716291457717
8.95188888888889,1.5759126501492282
8.985666666666669,1.5722080218630714
9.019444444444442,1.568258282514662
9.053222222222223,1.5621557139191151
9.087,1.5568033708495852
9.120777777777777,1.5510393247227727
9.154555555555556,1.5475332088334102
9.188333333333333,1.5442461753768069
9.222111111111113,1.5416531603122754
9.255888888888887,1.5397815871909895
9.289666666666667,1.5405084597351677
9.323444444444446,1.5427756251962372
9.35722222222222,1.5462404660142155
9.391,1.5501685742588076
9.424777777777777,1.5558970160919579
9.458555555555558,1.5616939651381985
9.492333333333333,1.5669373057852958
9.52611111111111,1.571979221509563
9.55988888888889,1.575814302394837
9.593666666666664,1.5771838990648308
9.627444444444444,1.5784115394411016
9.661222222222223,1.5778030186990135
9.695,1.5754077007862946
9.728888888888891,1.5725027869842576
9.762666666666664,1.56778535574006
9.796444444444445,1.5623270352929952
9.830222222222222,1.5568064391108634
9.864,1.5514912613775864
9.897777777777778,1.5474703129622258
9.931555555555555,1.5454242883590668
9.965333333333335,1.5443703002738827
9.999111111111109,1.5427389859211627
10.032888888888891,1.543310109239647
10.066666666666668,1.545326405447134
10.100444444444442,1.5492339248757827
10.134222222222222,1.5519210125174527
10.168,1.5565557216470667
10.201777777777782,1.5615252032862015
10.235555555555555,1.566532664591294
