t,θ
0.0,3.08545857660311
0.03333333333333394,3.0707216913187314
0.06666666666666697,3.006020263140728
0.1,2.8908039659053113
0.13333333333333303,2.7323678859640337
0.16666666666666696,2.5095201729988124
0.2000000000000009,2.2253361748452063
0.23333333333333395,1.8896785606386868
0.266666666666667,1.5175752811913996
0.3,1.1536623600705125
0.33333333333333304,0.8531135787853902
0.366666666666667,0.63848828437521
0.4000000000000009,0.4894075461277482
0.43333333333333396,0.3945245536480392
0.46666666666666695,0.3366833564594644
0.5,0.3277613035352951
0.533333333333334,0.3590688776692685
0.566666666666667,0.431428446139371
0.6,0.5630431975320034
0.633333333333334,0.7687787591242278
0.666666666666667,1.0089075026461434
0.700000000000001,1.3004675200344167
0.733333333333334,1.6386576136519801
0.7666666666666669,1.9477075784164997
0.8,2.225582859255088
0.833333333333333,2.461768352121847
0.8666666666666669,2.6437393675130942
0.9000000000000009,2.7652534162153404
0.9333333333333339,2.8366029645214197
0.966666666666667,2.8602477925309464
1.0,2.8373749587612553
1.0333333333333339,2.7751405714535538
1.0666666666666669,2.6705686690250636
1.098333333333334,2.507839021562904
1.131666666666667,2.2977547708899237
1.165,2.046696778976572
1.198333333333334,1.766268741677746
1.231666666666667,1.4608680175948787
1.265,1.1828874211763567
1.298333333333334,0.924902625524949
1.331666666666667,0.7409409572775321
1.3650000000000009,0.6186748290042685
1.3983333333333339,0.5316005883498385
1.4316666666666669,0.4923343896856032
1.465,0.4981098011100724
1.498333333333333,0.5380265827788481
1.531666666666667,0.6338867000392935
1.5650000000000008,0.7757051360626509
1.598333333333334,0.9570591088497716
1.631666666666667,1.2025437001494224
1.665,1.471047195322603
1.698333333333334,1.7508648092831383
1.731666666666667,2.0174613512862765
1.765,2.237736349463957
1.798333333333334,2.4068824460647957
1.831666666666667,2.543558375136757
1.8650000000000009,2.6371475524945582
1.8983333333333339,2.6840431864983683
1.9316666666666669,2.6880562402318264
1.965,2.644587503613558
1.998333333333333,2.5597691608854904
2.031666666666668,2.435166690107156
2.065000000000001,2.2712582016349674
2.098333333333334,2.0646226633419937
2.131666666666667,1.8305068132056803
2.165,1.568740231448206
2.198333333333334,1.3226844701575105
2.231666666666667,1.0954332785180692
2.265,0.9104726928095118
2.298333333333334,0.7719319452277994
2.331666666666667,0.6797513905573687
2.365000000000001,0.6260210365605791
2.398333333333334,0.6151322867840566
2.431666666666667,0.6461974483485701
2.465,0.7220042503279263
2.498333333333333,0.8361286796666133
2.531666666666668,0.9994471136620898
2.565000000000001,1.2071627681943702
2.598333333333334,1.4366905474982465
2.631666666666667,1.6790135093039964
2.665,1.9140565043470925
2.698333333333334,2.130745682021595
2.731666666666667,2.295854520058702
2.765000000000001,2.419075315882
2.798333333333334,2.5152037578379542
2.831666666666667,2.5719743164488125
2.865000000000001,2.583547923186754
2.898333333333334,2.558604240041137
2.931666666666667,2.4968136251309434
2.965,2.395909772727949
2.998333333333333,2.2580640769536777
3.031666666666668,2.086920319810752
3.065000000000001,1.8784852328319075
3.098333333333334,1.6508527538137845
3.1316666666666677,1.4137385136696305
3.165000000000001,1.2066581410830133
3.198333333333335,1.0313484273355247
3.231666666666668,0.8918111998618707
3.265000000000001,0.7980274165569219
3.298333333333334,0.7445113603124187
3.331666666666668,0.7268392455470815
3.365,0.7565125033067566
3.398333333333334,0.8234001175084934
3.431666666666668,0.9249711990023537
3.465,1.0658888078970352
3.498333333333334,1.2409732045668203
3.531666666666666,1.453536734882276
3.565,1.6656254718642167
3.598333333333334,1.8817172632015786
3.6316666666666677,2.0751430870241703
3.665000000000002,2.2306905113613658
3.698333333333334,2.350325929959701
3.731666666666668,2.4296717074426892
3.765000000000002,2.480408240795822
3.798333333333334,2.4881203751284007
3.831666666666668,2.463340754627554
3.865,2.4082609422982033
3.898333333333334,2.315943022987307
3.931666666666668,2.1954730205266477
3.965,2.0398880909503765
3.998333333333334,1.8536090864969665
4.031666666666666,1.6533262730738676
4.065,1.4606276424931954
4.098333333333334,1.268664311944328
4.131666666666668,1.11635514995801
4.165000000000002,0.9803191832288379
4.198333333333334,0.8965959010672399
4.231666666666668,0.8478708826497326
4.2650000000000015,0.8378457603227315
4.298333333333334,0.8626531446953941
4.331666666666668,0.922170684202934
4.365,1.0203510957176496
4.398333333333334,1.148201697900525
4.4316666666666675,1.3093470532315812
4.465,1.4785686238548956
4.498333333333334,1.6574901873208339
4.531666666666666,1.8425605595062702
4.565,2.013788016982341
4.598333333333334,2.159856710020886
4.631666666666668,2.2636387066648336
4.665000000000002,2.3412429154908985
4.698333333333334,2.384603345541055
4.731666666666668,2.3900955570949174
4.7650000000000015,2.3683619104275135
4.798333333333334,2.310983553174352
4.831666666666668,2.219132883093441
4.865,2.0989587537516217
4.898333333333334,1.9510941361094236
4.9316666666666675,1.7930392144745553
4.965,1.6202054935832813
4.998333333333334,1.4495827508942434
5.031666666666666,1.285748077763448
5.065,1.137616816680528
5.098333333333335,1.0216637938772617
5.131666666666668,0.9411717662787229
5.165000000000002,0.8976840736763336
5.198333333333334,0.8956118593141789
5.231666666666668,0.9240601696648542
5.2650000000000015,0.978776978511703
5.298333333333334,1.0658519690846393
5.331666666666668,1.1841263630094137
5.365,1.3300748742016473
5.398333333333334,1.4907280924394155
5.4316666666666675,1.664850804028533
5.465,1.8285293359759356
5.498333333333334,1.9751828707878698
5.531666666666666,2.099275816083803
5.565,2.2004612756892055
5.598333333333335,2.2685648373946687
5.631666666666668,2.3073807255479166
5.665000000000002,2.3105408394967175
5.698333333333334,2.285478778636092
5.731666666666668,2.2309629901941594
5.7650000000000015,2.1446813804884894
5.798333333333334,2.0317284831038194
5.831666666666668,1.8910461128333051
5.865,1.7399170711302179
5.898333333333334,1.5761641522569843
5.9316666666666675,1.4269753145058746
5.965,1.2797961012875525
5.998333333333334,1.1512325481156687
6.031666666666666,1.0580407377226897
6.065,0.9950014360418239
6.098333333333335,0.9600001983096976
6.131666666666668,0.9618482442844042
6.165000000000002,0.9957275332511888
6.198333333333334,1.054589665453658
6.231666666666668,1.1471669932513686
6.2650000000000015,1.2719447027855455
6.298333333333334,1.4087446477847307
6.331666666666668,1.5618997594036017
6.365,1.7116972057502722
6.398333333333334,1.859326544800543
6.4316666666666675,1.9904780346649407
6.465,2.092870705061004
6.498333333333334,2.1688964915944866
6.531666666666666,2.222196308228386
6.565,2.2423069843714445
6.598333333333335,2.2400866819616776
6.631666666666668,2.207980253367959
6.665000000000002,2.1520319051543058
6.698333333333334,2.0695267767566454
6.731666666666668,1.9646628215261603
6.7650000000000015,1.8314499339894799
6.798333333333334,1.6823125985859162
6.831666666666668,1.5312545844554697
6.865,1.3840090903010607
6.898333333333334,1.2646582467550231
6.9316666666666675,1.1561242955019735
6.965,1.0756244859943525
6.998333333333334,1.0177117899173078
7.031666666666666,0.9920678145253479
7.065000000000002,0.9949855759180767
7.098333333333335,1.0353495592608568
7.131666666666668,1.1023001315737218
7.165000000000002,1.189270063109737
7.198333333333334,1.298924791184522
7.231666666666668,1.4301694762115107
7.2650000000000015,1.5688768918528093
7.298333333333334,1.7061623870724592
7.331666666666668,1.8411573690105096
7.365,1.9485880630874781
7.398333333333334,2.042721836219828
7.4316666666666675,2.105907254191547
7.465,2.145630066637764
7.498333333333334,2.163284758922047
7.531666666666666,2.1562385568015188
7.565000000000002,2.113609207193109
7.598333333333335,2.0481403220607617
7.631666666666668,1.962621084477121
7.665000000000002,1.859586188104432
7.698333333333334,1.7326225913675797
7.731666666666668,1.602587411067498
7.7650000000000015,1.4722590727428941
7.798333333333334,1.358467222513933
7.831666666666668,1.2500334056629123
7.865,1.1648042240339591
7.898333333333334,1.100465912293457
7.9316666666666675,1.0593932438420264
7.965,1.046093183949933
7.998333333333334,1.0597718233562494
8.031666666666666,1.1028031351990306
8.065000000000001,1.1683663828866542
8.098333333333336,1.253937509718872
8.131666666666668,1.3573130419678474
8.165000000000003,1.4772506799369356
8.198333333333334,1.6008114714524149
8.231666666666667,1.730291498356437
8.265000000000002,1.848929663838547
8.298333333333334,1.9545284493524036
8.331666666666667,2.039664199632049
8.365,2.096126146710983
8.398333333333333,2.127145663614955
8.431666666666668,2.131108624577502
8.465,2.1136085363159696
8.498333333333333,2.069921561766531
8.531666666666666,2.0067078270099743
8.565000000000001,1.9217618045162816
8.598333333333336,1.8140810421269666
8.631666666666668,1.707188214832612
8.665000000000003,1.5857485927124189
8.698333333333334,1.4624433554132736
8.731666666666667,1.3551581484574757
8.765000000000002,1.2663699134327577
8.798333333333334,1.1803429445393745
8.831666666666667,1.1275303907978718
8.865,1.1011862160912114
8.898333333333333,1.0961678593980324
8.931666666666668,1.1176217782119076
8.965,1.1632026537451394
8.998333333333333,1.2352349974261536
9.031666666666668,1.3312135037632762
9.065000000000001,1.4387569188723839
9.098333333333336,1.5513042068247909
9.131666666666668,1.667146913208255
9.165000000000003,1.776778613711757
9.198333333333334,1.88221901123772
9.231666666666667,1.967940096844317
9.265000000000002,2.037236370539814
9.298333333333334,2.07714417706679
9.331666666666667,2.0999489071614033
9.365,2.099064310053264
9.398333333333333,2.076153182754741
9.431666666666668,2.0299298230920533
9.465,1.967337296557169
9.498333333333333,1.8813904012618354
9.531666666666668,1.7761253976614033
9.565000000000001,1.6651852053863812
9.598333333333336,1.5587367447612626
9.631666666666668,1.4494525206730864
9.665000000000003,1.360399358033898
9.698333333333334,1.271116990335139
9.731666666666667,1.208921280300358
9.765000000000002,1.1657698020844713
9.798333333333334,1.1468319306539776
9.831666666666667,1.1531446177927756
9.865,1.186057975393206
9.898333333333333,1.2366549479045084
9.931666666666668,1.3107638311080771
9.965,1.3996845181628879
9.998333333333333,1.5023502865420284
10.031666666666668,1.612573400426484
10.065000000000001,1.7221808028690886
10.098333333333336,1.8233609583288177
10.131666666666668,1.9107488677584443
10.165000000000003,1.9760154309827491
10.198333333333334,2.0364372636377928
10.231666666666667,2.0700035519104856
10.265000000000002,2.083977689358913
10.298333333333334,2.073974562727641
10.331666666666667,2.036197506763009
10.365,1.9877924557054145
10.398333333333333,1.9116736848025686
10.431666666666668,1.8240806770851246
10.465,1.7223063960520202
10.498333333333337,1.6210052651799673
10.531666666666668,1.5213706089527572
10.565000000000001,1.4199206863124363
10.598333333333336,1.3294287604268684
10.631666666666668,1.2592615316131928
10.665000000000003,1.2112528454626643
10.698333333333334,1.185214897418368
10.731666666666667,1.180525228949455
10.765000000000002,1.1933727997356693
10.798333333333334,1.23572967503405
10.831666666666667,1.2954088164319093
10.865,1.3694245119977186
10.898333333333333,1.4593851072371489
10.931666666666668,1.5653137302724458
10.965,1.6687660477310642
10.998333333333337,1.7687445944919904
11.031666666666668,1.857530939615331
11.065000000000001,1.943224449442946
11.098333333333336,2.010695721568569
11.131666666666666,2.0533465233451205
11.165000000000003,2.074573304746635
11.198333333333332,2.0716885020113693
11.231666666666667,2.055817028036493
11.265000000000002,2.0117723345251903
11.298333333333334,1.956219590271412
11.33166666666667,1.8800449130633394
11.365,1.7923168448214628
11.398333333333335,1.6955505728419538
11.431666666666668,1.5955614285392468
11.465000000000002,1.4982068219267513
11.498333333333331,1.4164111552640455
11.531666666666668,1.336913328730053
11.565,1.2756581985958977
11.598333333333336,1.2316238635499146
11.631666666666668,1.2109985074757037
11.665,1.2113706413231422
11.698333333333332,1.2314647700654113
11.731666666666667,1.2722064455758297
11.765000000000004,1.3367220895562548
11.798333333333336,1.414926969650607
11.831666666666667,1.5037974095472828
11.865,1.5931940286374924
11.898333333333335,1.6817894826769164
11.931666666666668,1.7661274796856592
11.965000000000003,1.848970832673991
11.998333333333331,1.917123142772524
12.031666666666668,1.9658665800255468
12.065,1.9990132312732634
12.098333333333336,2.0112915842837
12.131666666666668,2.01065916477847
12.165,1.9882979869652033
12.198333333333332,1.948068616158046
12.231666666666667,1.8898829542195996
12.265000000000004,1.8135099556306065
12.298333333333336,1.724363730316558
12.331666666666667,1.635308549643562
12.365,1.5483172393035118
12.398333333333335,1.462081920145935
12.431666666666668,1.3889285779663745
12.465000000000003,1.3246877868168596
12.498333333333331,1.2781391159159785
12.531666666666668,1.2523090369599912
12.565,1.2456630740776584
12.598333333333336,1.2522877357203173
12.631666666666668,1.277800880293419
12.665,1.3253458588174958
12.698333333333332,1.3866019314592368
12.731666666666667,1.456446371470995
12.765000000000004,1.5347319367806243
12.798333333333336,1.6243314856046014
12.831666666666667,1.7077068978799068
12.865,1.7944976054287578
12.898333333333335,1.8615757776514752
12.931666666666668,1.9186004319914287
12.965000000000003,1.9571226135139823
12.998333333333331,1.9790397497519319
13.031666666666668,1.9790315871380868
13.065,1.965399972420454
13.098333333333336,1.9425163505155967
13.131666666666668,1.8958280907899614
13.165,1.832226587520504
