t,θ
0.0,2.6688139071093255
0.03333333333333394,2.637863977884445
0.06666666666666697,2.5699229627170257
0.1,2.466706736569757
0.13333333333333303,2.3192354696862263
0.16666666666666605,2.118965595020454
0.2,1.8789107532351987
0.23333333333333395,1.6233819009953145
0.266666666666667,1.356633994741208
0.3,1.125997240482377
0.33333333333333304,0.9299359838649475
0.366666666666667,0.7805892009108847
0.4,0.6760396879049471
0.433333333333333,0.6066478387226569
0.46666666666666606,0.585033035600552
0.5,0.6052569513259504
0.533333333333334,0.666014197621536
0.566666666666667,0.7670395276632179
0.6,0.9110630433509216
0.6333333333333331,1.1021924630417423
0.6666666666666661,1.320266304927242
0.7,1.5565464132346207
0.733333333333334,1.787636474143236
0.7666666666666669,2.004823441871388
0.8,2.2002652567222407
0.833333333333333,2.3494165809785477
0.8666666666666669,2.4584590093049554
0.9,2.5177059307343796
0.933333333333333,2.5428168009866194
0.966666666666667,2.540364636576509
1.0,2.4869478590265817
1.0333333333333339,2.3979060141224844
1.0666666666666669,2.276767240902978
1.1,2.103690710420594
1.133333333333333,1.9159884851960416
1.166666666666666,1.6874506970704495
1.2,1.4510881598518592
1.2333333333333338,1.2349158346986182
1.266666666666667,1.04480311888007
1.3,0.9040918024604191
1.333333333333333,0.7978312152469619
1.366666666666667,0.7310278859815051
1.4,0.7125605201470662
1.4333333333333331,0.7125264794835605
1.466666666666667,0.7642814525086242
1.5,0.8545984635681844
1.5333333333333339,0.989349817111859
1.5666666666666669,1.147330402231266
1.6,1.3363229456223644
1.631666666666667,1.5534217570294886
1.665,1.7640680561965247
1.698333333333334,1.9636879963060805
1.731666666666667,2.1216729695896186
1.765,2.2419799438815784
1.7983333333333331,2.332982008635481
1.831666666666666,2.392760398369709
1.865,2.420854435378172
1.8983333333333339,2.4122014249226464
1.9316666666666669,2.3565763271329025
1.965,2.2753824270012455
1.998333333333333,2.1563567452537944
2.031666666666667,1.9991800038333245
2.065,1.8175989988304089
2.098333333333333,1.619440114554203
2.131666666666667,1.418829041113225
2.165,1.2316396235752534
2.198333333333334,1.0684916059909482
2.231666666666667,0.9491977325287619
2.265,0.865412515212424
2.298333333333333,0.8088979309946505
2.331666666666666,0.7895002721709585
2.365000000000001,0.8056069026142542
2.398333333333334,0.8601293952149573
2.431666666666667,0.94330105072144
2.465,1.063717108154209
2.498333333333333,1.2114523536483848
2.531666666666667,1.3838675719848372
2.565,1.5774720272922966
2.598333333333333,1.7671195786330325
2.631666666666667,1.9429167161352903
2.665,2.094796586959199
2.698333333333334,2.204615324061328
2.731666666666667,2.2909940312978017
2.765,2.3413594301237786
2.798333333333333,2.3637462027779605
2.831666666666666,2.350036632030699
2.865000000000001,2.302805254080704
2.898333333333334,2.2158498663247856
2.931666666666667,2.109306484306198
2.965,1.9533221927347908
2.998333333333333,1.785795739198077
3.031666666666667,1.6089678998568817
3.065,1.4222640072804318
3.098333333333334,1.256759708450682
3.131666666666667,1.1162674585212218
3.165,1.003453836176385
3.198333333333334,0.91956862968488
3.231666666666667,0.8727169467258773
3.265,0.8568524119957803
3.298333333333333,0.8774107828553184
3.331666666666666,0.9321169957958007
3.365000000000001,1.016502335961871
3.398333333333334,1.1320604146912803
3.431666666666667,1.2662426124535497
3.4650000000000007,1.43471845302565
3.498333333333334,1.6026694987891223
3.531666666666668,1.7637394895849399
3.565000000000001,1.913252441689443
3.598333333333334,2.0388521639098816
3.631666666666667,2.137656203599861
3.665000000000001,2.2122871382244798
3.6983333333333333,2.2510565386155266
3.731666666666667,2.2538551366695736
3.765000000000001,2.244097531461798
3.798333333333333,2.196815960028225
3.831666666666667,2.118475871436851
3.864999999999999,2.0119044258878755
3.898333333333333,1.8789634864202533
3.931666666666667,1.7288199789121603
3.9650000000000007,1.5729819415418287
3.998333333333335,1.404502917982514
4.031666666666667,1.2701492304794009
4.065000000000001,1.1426874521083246
4.0983333333333345,1.0424938132467116
4.131666666666667,0.9773013229856246
4.165000000000001,0.9463658588739392
4.198333333333333,0.945772666535768
4.231666666666667,0.9707227236771666
4.265000000000001,1.0264304643356312
4.298333333333333,1.1114977797101324
4.331666666666667,1.2248803646994475
4.364999999999999,1.3528200023232766
4.398333333333333,1.4923589435931017
4.431666666666667,1.6440650095093656
4.465000000000001,1.7978544429713024
4.498333333333335,1.9278523421824627
4.531666666666667,2.037829563499786
4.565000000000001,2.1308903285405094
4.5983333333333345,2.190929032435951
4.631666666666667,2.218725873913468
4.665000000000001,2.217666265537278
4.698333333333333,2.189259590947665
4.731666666666667,2.131965293880847
4.765000000000001,2.04490896050055
4.798333333333333,1.9499382779621832
4.831666666666667,1.8253206542863765
4.864999999999999,1.6925521660279812
4.898333333333333,1.55147126289749
4.931666666666667,1.4182512181887041
4.965000000000001,1.3009190304668325
4.998333333333335,1.1992315342236153
5.031666666666667,1.109872346365478
5.065000000000001,1.046447226645509
5.0983333333333345,1.0169319455115102
5.131666666666667,1.0144090704659556
5.165000000000001,1.0418494922034822
5.198333333333333,1.097156933972365
5.231666666666667,1.1759840453370738
5.265000000000001,1.2749718537440666
5.298333333333333,1.3902955972485738
5.331666666666667,1.5233896319831748
5.364999999999999,1.6515391036547373
5.398333333333333,1.7744901386514929
5.431666666666668,1.8890808653325166
5.465000000000001,1.983844576078779
5.498333333333335,2.049742662048482
5.531666666666667,2.101588725395869
5.565000000000001,2.1284210764651847
5.5983333333333345,2.13060301462094
5.631666666666667,2.102898410457102
5.665000000000001,2.048310867177223
5.698333333333333,1.9698805412086928
5.731666666666667,1.870434512705507
5.765000000000001,1.7635348759093612
5.798333333333333,1.635266844301489
5.831666666666667,1.5027064144079583
5.864999999999999,1.3793056400188495
5.898333333333333,1.2615938850932014
5.931666666666668,1.1724237360110685
5.965000000000001,1.0999767286126167
5.998333333333335,1.0644192980335145
6.031666666666667,1.042328439385787
6.065000000000001,1.0478142997347084
6.0983333333333345,1.0757054591490431
6.131666666666667,1.1308953369183259
6.165000000000001,1.2174237461879838
6.198333333333333,1.3111012187685687
6.231666666666667,1.424693597666687
6.265000000000001,1.5487649881942471
6.298333333333333,1.6784671175061112
6.331666666666667,1.7921672486345945
6.364999999999999,1.8938312376866295
6.398333333333333,1.9793482316692192
6.431666666666668,2.0472640098529626
6.465000000000001,2.077307855791782
6.498333333333335,2.0761928159862073
6.531666666666667,2.0681326575261423
6.565000000000001,2.043580514434727
6.5983333333333345,1.9860524354114455
6.631666666666667,1.9029984354915273
6.665000000000001,1.808919592584919
6.698333333333333,1.704523196606577
6.731666666666667,1.5818167892542299
6.765000000000001,1.4631450808128348
6.798333333333333,1.360201809453312
6.831666666666667,1.2679932239226734
6.864999999999999,1.181105970378806
6.898333333333333,1.1246430313687361
6.931666666666668,1.0891339368072812
6.965000000000001,1.0833651699227336
6.998333333333335,1.096053997339603
7.031666666666667,1.1258979973465344
7.065000000000001,1.1833997718133067
7.0983333333333345,1.2661212942090694
7.131666666666667,1.3584934328741267
7.165000000000001,1.4652333480465314
7.198333333333333,1.5821736805548132
7.231666666666667,1.6981445910912614
7.265000000000001,1.7999586636863092
7.298333333333333,1.888866242415967
7.331666666666667,1.9686272107515552
7.364999999999999,2.0238455933973754
7.398333333333335,2.053466715060643
7.431666666666668,2.0519368453527767
7.465000000000001,2.034870957683286
7.498333333333335,2.0011931337140254
7.531666666666667,1.9414220924746994
7.565000000000001,1.8561851714310096
7.5983333333333345,1.7656471785276824
7.631666666666667,1.6652954204416424
7.665000000000001,1.5585169532798107
7.698333333333333,1.446040097265072
7.731666666666667,1.3594162724189645
7.765000000000001,1.2738845059267665
7.798333333333333,1.2105459732258121
7.831666666666667,1.1635132986751842
7.864999999999999,1.1429686914160986
7.898333333333335,1.1469961691935298
7.931666666666668,1.1705706889672203
7.965000000000001,1.2074032023626409
7.998333333333335,1.2715469819338059
8.031666666666666,1.352379587411776
8.065000000000001,1.448827214511468
8.098333333333334,1.552202205209114
8.131666666666668,1.6527389962349963
8.165000000000001,1.7541443284524105
8.198333333333332,1.8484424197075842
8.231666666666667,1.9286589030185597
8.265,1.9983084592018576
8.298333333333332,2.034884541294967
8.331666666666667,2.054076806670257
8.365,2.057818169342406
8.398333333333335,2.0304797511091546
8.431666666666668,1.9832652892953533
8.465,1.9180956042329231
8.498333333333337,1.8356456791660496
8.531666666666668,1.7355147097901418
8.565,1.6350331107997418
8.598333333333336,1.5329379495244528
8.631666666666668,1.436532673313084
8.665,1.3489605115024075
8.698333333333332,1.288670303304399
8.731666666666667,1.2321371840327444
8.765,1.1955664270592796
8.798333333333332,1.1827806153030531
8.831666666666667,1.185204686237812
8.865,1.2116933317603973
8.898333333333335,1.2565786781374926
8.931666666666668,1.3212697375169242
8.965,1.3997212182835925
8.998333333333337,1.497590520424367
9.031666666666668,1.5984107424403078
9.065,1.7022152625462368
9.098333333333336,1.7954358285238992
9.131666666666668,1.8771786115860254
9.165,1.9476110448661605
9.198333333333332,2.0002445607967383
9.231666666666667,2.023171573955528
9.265,2.027031817120257
9.298333333333332,2.0190394578961293
9.331666666666667,1.9952459990156
9.365,1.9452497630182626
9.398333333333335,1.8805434922635247
9.431666666666668,1.800602585967907
9.465,1.7149950309787327
9.498333333333337,1.6196596684481572
9.531666666666668,1.5205891366456121
9.565,1.4305451913661975
9.598333333333336,1.3594511995052656
9.631666666666668,1.300290317281315
9.665,1.2543786775632806
9.698333333333332,1.2226325841716645
9.731666666666667,1.2167578350328394
9.765,1.235161824068407
9.798333333333332,1.2685853349468124
9.831666666666667,1.3206365116803034
9.865,1.382228541238444
9.898333333333335,1.4573365869103232
9.931666666666668,1.5500214454721428
9.965,1.6406848419687412
9.998333333333337,1.7273224250531312
10.031666666666668,1.8020393939366406
10.065,1.875146250641926
10.098333333333336,1.9137147844333826
10.131666666666668,1.9463703748771306
10.165,1.9631708946623645
10.198333333333332,1.9595055634060465
10.231666666666667,1.9485197604035494
10.265,1.9129543522343797
10.298333333333332,1.8682002823728983
10.331666666666667,1.8023358532198674
10.365,1.7355748028945153
10.398333333333335,1.6599206093949328
10.431666666666668,1.5555973948607327
10.465,1.466988722526831
10.498333333333337,1.392848796785271
10.531666666666668,1.3304513847700887
10.565,1.279120539079352
10.598333333333336,1.250770132495067
10.631666666666668,1.2370541971774172
10.665,1.2369336017932222
10.698333333333332,1.2643927579789551
10.731666666666667,1.3043624755476164
10.765,1.3490778599858215
10.798333333333332,1.41470732474902
10.831666666666667,1.4875039118550666
10.865,1.5660563432578354
10.898333333333335,1.6490878933918158
10.931666666666668,1.735155846270428
10.965,1.8072626180590177
10.998333333333337,1.8667156623311707
11.031666666666668,1.9098170663556655
11.065,1.94300290837718
11.098333333333336,1.9559134305635542
11.131666666666668,1.9567423331800078
11.165,1.9337200286657434
11.198333333333332,1.8958127753648273
11.231666666666667,1.8508673884052096
11.265,1.7859243304141121
11.298333333333332,1.719176587690468
11.331666666666667,1.643607968963591
11.365,1.5551830376732434
11.398333333333335,1.475727176921614
11.431666666666668,1.4145363643598425
11.465,1.3546402468303118
11.498333333333337,1.3043188025083872
11.531666666666665,1.2717015637912632
11.565,1.2629971063615757
11.598333333333336,1.279477694572071
11.631666666666668,1.3099392267286154
11.665000000000004,1.351924763622153
11.698333333333332,1.402157616947562
11.731666666666667,1.4672301173340152
11.765,1.5342258059074247
11.798333333333336,1.6038870843970194
11.831666666666663,1.6754006277995321
11.865,1.7415923611918802
11.898333333333332,1.798632510571806
11.931666666666668,1.8581405211451059
11.965,1.8838198764606418
11.998333333333331,1.9049095447787716
12.031666666666665,1.901045673066634
12.065,1.8949941463535949
12.098333333333336,1.8693633663931142
12.131666666666668,1.834640391047811
