t,θ
0.0,2.579521954136635
0.03333333333333303,2.5667649248316624
0.06666666666666697,2.503184445020459
0.1,2.40881949513713
0.13333333333333303,2.2789661740823837
0.16666666666666696,2.111698566634531
0.2,1.9086817130360823
0.23333333333333395,1.643767431919659
0.266666666666667,1.3935015720038373
0.3,1.1574951088857426
0.33333333333333304,0.9644335151171333
0.3666666666666661,0.821970387156172
0.4000000000000009,0.718477657696095
0.43333333333333396,0.6553692775352253
0.465,0.6438928115416206
0.498333333333333,0.6619813840502231
0.5316666666666661,0.7140363007807113
0.565,0.8131946807720484
0.5983333333333339,0.9500795290098725
0.6316666666666669,1.1233530314284592
0.665,1.350148628240678
0.698333333333333,1.5890870146157707
0.731666666666667,1.800218784404733
0.765,2.0165563226865144
0.798333333333333,2.1874291820319285
0.831666666666667,2.3222767672184768
0.865,2.413423709633633
0.898333333333334,2.4677274519263275
0.931666666666667,2.483298973225889
0.965,2.4719069421977564
0.9983333333333331,2.4351015769343207
1.031666666666666,2.3513304360355
1.0650000000000008,2.22720766500078
1.098333333333334,2.072016280519438
1.131666666666667,1.887522375760736
1.165,1.6866657947763959
1.198333333333333,1.4686753587245842
1.231666666666667,1.2640683923528957
1.265,1.0739886365117
1.2983333333333331,0.9323547651203886
1.331666666666667,0.8261726847529914
1.365,0.7491381765901857
1.3983333333333339,0.7341822379077136
1.4316666666666669,0.7498318224649785
1.465,0.785259819936067
1.498333333333333,0.8756654403683632
1.531666666666666,0.9985590978821552
1.5650000000000008,1.1577713890071721
1.598333333333334,1.3455410213246686
1.631666666666667,1.5474212098827098
1.665,1.740904655030704
1.698333333333333,1.9339620796232952
1.731666666666667,2.0987609981969984
1.765,2.2366895001987337
1.798333333333334,2.3381978894458446
1.831666666666667,2.393452020082779
1.865,2.420054610290689
1.8983333333333339,2.408474814801908
1.9316666666666669,2.3708583468415503
1.965,2.280893919904093
1.998333333333333,2.16086762354493
2.031666666666666,2.0205945750783814
2.065000000000001,1.8543699267982978
2.098333333333334,1.66934526635524
2.131666666666667,1.4704110417341412
2.165000000000001,1.2844198312961739
2.198333333333334,1.105754406373129
2.231666666666668,0.9763807381502003
2.265000000000001,0.883130467706837
2.298333333333334,0.8275513053653956
2.331666666666667,0.8012219161935722
2.365000000000001,0.806048740060025
2.398333333333333,0.8438891370207572
2.431666666666667,0.9223138287217144
2.4650000000000007,1.0407755127118492
2.498333333333333,1.1840556428430176
2.531666666666667,1.3424328203737532
2.564999999999999,1.5293453111925976
2.598333333333333,1.7150156160679444
2.631666666666667,1.8903877111247862
2.665000000000001,2.0311022802992547
2.698333333333335,2.168036949688897
2.731666666666667,2.260181597377999
2.765000000000001,2.3085326300155176
2.7983333333333347,2.3304670829084486
2.831666666666667,2.318282036557124
2.865000000000001,2.289331385351703
2.898333333333333,2.2180153621921193
2.931666666666667,2.125041271256708
2.9650000000000007,1.9920201444163714
2.998333333333333,1.835118977858977
3.031666666666667,1.6651258851606612
3.064999999999999,1.4940634503253738
3.098333333333333,1.3290723077857196
3.131666666666667,1.195538396290248
3.165000000000001,1.0704941463270568
3.198333333333335,0.9721436050107582
3.231666666666667,0.9246714550216332
3.265000000000001,0.9016651157973735
3.2983333333333347,0.9139353800565929
3.331666666666667,0.952666823557258
3.365000000000001,1.0312360821094095
3.398333333333333,1.119085114217404
3.431666666666667,1.2533848257269873
3.4650000000000007,1.4044289145996662
3.498333333333333,1.5710311200296172
3.531666666666667,1.7226636953081012
3.564999999999999,1.8636632601294905
3.598333333333333,1.999757882202836
3.631666666666667,2.1127957610808714
3.665000000000001,2.193765292780742
3.698333333333335,2.24090532035064
3.731666666666667,2.2626010204368705
3.765000000000001,2.258981896665402
3.7983333333333347,2.224983866914052
3.831666666666667,2.1590553986003873
3.865000000000001,2.0667291301312654
3.898333333333333,1.9548935137724424
3.931666666666667,1.8132800925628554
3.9650000000000007,1.6623856482975035
3.998333333333333,1.5093532476520035
4.031666666666667,1.3685825921802184
4.0649999999999995,1.2328042908916332
4.098333333333333,1.115261585165063
4.131666666666669,1.0190199363568782
4.165000000000001,0.9718659522118092
4.198333333333335,0.956894151689944
4.231666666666667,0.9632158238823082
4.265000000000001,0.9973374401418745
4.298333333333335,1.0647011203358405
4.331666666666667,1.1600627302646564
4.365000000000001,1.2737178009828898
4.398333333333333,1.420718340852794
4.431666666666667,1.5705265652150597
4.465000000000001,1.7174455220961746
4.498333333333333,1.862589009387255
4.531666666666667,2.0020162444204885
4.5649999999999995,2.1013255633162435
4.598333333333333,2.1791028458268302
4.631666666666669,2.219689278414391
4.665000000000001,2.233632613308261
4.698333333333335,2.2373247828559664
4.731666666666667,2.2029238858632736
4.765000000000001,2.1304566347421754
4.798333333333335,2.0389516357967232
4.831666666666667,1.9204761197775304
4.865000000000001,1.7910337728918722
4.898333333333333,1.6473535129545556
4.931666666666667,1.4901332241040859
4.965000000000001,1.3419869823919208
4.998333333333333,1.2179834915167158
5.031666666666667,1.1043698304188299
5.0649999999999995,1.0328636287361752
5.098333333333333,0.9996165064346167
5.131666666666669,0.9910028452017658
5.165000000000001,0.9898295232654297
5.198333333333335,1.0172951715402547
5.231666666666667,1.094824689230155
5.265000000000001,1.1885148862567365
5.298333333333335,1.3155278244310125
5.331666666666667,1.4508699377345822
5.365000000000001,1.5909215374961958
5.398333333333333,1.7383702356543163
5.431666666666667,1.885567058927062
5.465000000000001,1.9960647450830111
5.498333333333333,2.0803663304330087
5.531666666666667,2.1427604317282944
5.5649999999999995,2.1812644949094713
5.598333333333333,2.1845657875696363
5.631666666666669,2.176826734165753
5.665000000000001,2.137141550178743
5.698333333333335,2.0873851968049046
5.731666666666667,1.9913033591016758
5.765000000000001,1.8885880167543314
5.798333333333335,1.7619730995133196
5.831666666666667,1.6390240951472443
5.865000000000001,1.4992786919571188
5.898333333333333,1.35598837396447
5.931666666666667,1.2487007853336425
5.965000000000001,1.1478507272043057
5.998333333333333,1.080990849860948
6.031666666666667,1.0487733103666788
6.0649999999999995,1.0387250759266535
6.0983333333333345,1.0511239142744886
6.131666666666669,1.0859154365287726
6.165000000000001,1.1510220705417071
6.198333333333335,1.2388428511211345
6.231666666666667,1.3596623357647672
6.265000000000001,1.4915460229668003
6.298333333333335,1.6246695937772027
6.331666666666667,1.7479081189690235
6.365000000000001,1.8611528776842308
6.398333333333333,1.9779816498403324
6.431666666666667,2.0738820572017644
6.465000000000001,2.1263137812521085
6.498333333333333,2.1577833486275324
6.531666666666667,2.1650361603933335
6.5649999999999995,2.146576622797246
6.5983333333333345,2.1026974811628145
6.631666666666669,2.0509610607919075
6.665000000000001,1.9682513774552663
6.698333333333335,1.866144946416879
6.731666666666667,1.75806424560345
6.765000000000001,1.6422866201411908
6.798333333333335,1.5163020488581815
6.831666666666667,1.4009226715484102
6.865000000000001,1.2923526602208448
6.898333333333333,1.2033398122618997
6.931666666666667,1.152270982709676
6.965000000000001,1.1192123776280045
6.998333333333333,1.1121599072202497
7.031666666666667,1.1273664925870193
7.0649999999999995,1.1576067605027383
7.0983333333333345,1.2196793824956327
7.131666666666669,1.306300781194099
7.165000000000001,1.398342532366205
7.198333333333335,1.515427342932181
7.231666666666667,1.636719875811973
7.265000000000001,1.7502272102587786
7.298333333333335,1.842747797781206
7.331666666666667,1.9268735700120583
7.365000000000001,1.987868236866776
7.398333333333333,2.035573287476443
7.431666666666667,2.0668172450114226
7.465000000000001,2.0698005463407307
7.498333333333333,2.0631578693503405
7.531666666666667,2.033558775618392
7.5649999999999995,1.9775586868775605
7.5983333333333345,1.9156379456494892
7.631666666666669,1.834105277764304
7.665000000000001,1.7347602671944309
7.698333333333335,1.6203385280530165
7.731666666666667,1.5106284211214485
7.765000000000001,1.4146215411809167
7.798333333333335,1.3267309212022174
7.831666666666667,1.2479999542280402
7.865000000000001,1.199149206444003
7.898333333333333,1.168966126483364
7.931666666666667,1.1556594196687797
7.965000000000001,1.1715678271487353
7.998333333333333,1.2203494216984536
8.031666666666666,1.2898703124546602
8.065000000000001,1.381632204440064
8.098333333333334,1.492378721234045
8.13166666666667,1.59146722987893
8.165000000000001,1.710388999299725
8.198333333333336,1.821872138712647
8.231666666666667,1.9120434583547754
8.265,1.9967840835041673
8.298333333333336,2.05129112307354
8.331666666666667,2.0813692129709302
8.365,2.089537414137663
8.398333333333332,2.081922224322277
8.431666666666668,2.0593254777347267
8.465,2.0198108903037486
8.498333333333331,1.9710663243742348
8.531666666666668,1.8995040069882585
8.565,1.8128779676951374
8.598333333333336,1.715012407308717
8.631666666666668,1.6104705616067005
8.665,1.51822395768182
8.698333333333336,1.4191855058972462
8.731666666666667,1.3307270695641837
8.765,1.2616476526520222
8.798333333333336,1.2127449485673785
8.831666666666667,1.1733390512604724
8.865,1.1691326331915164
8.898333333333332,1.1890689326084396
8.931666666666668,1.2340193747985442
8.965,1.2884653588014683
8.998333333333331,1.354083958363866
9.031666666666668,1.444365457032875
9.065,1.5434116252238208
9.098333333333336,1.6436222775774796
9.131666666666668,1.742587866773235
9.165,1.8337934441996675
9.198333333333336,1.9079618976654433
9.231666666666667,1.9553064074272857
9.265,1.9896601034411507
9.298333333333336,1.9980704528724365
9.331666666666667,1.9882776262050794
9.365,1.9789628173428506
9.398333333333332,1.9454226479977406
9.431666666666668,1.900577526053599
9.465,1.8319440506259836
9.498333333333331,1.743118913343637
9.531666666666668,1.6410888761050029
9.565,1.5452967042491967
9.598333333333336,1.4469635351214818
9.631666666666668,1.3528249527023501
9.665,1.2831243481491652
9.698333333333336,1.225958205682102
9.731666666666667,1.1907967441330654
9.765,1.1762958433334572
9.798333333333336,1.1698293025221025
9.831666666666667,1.1941843111627184
9.865,1.2330511686861674
9.898333333333332,1.286513697159847
9.931666666666668,1.3566238047767247
9.965,1.4442690507581366
9.998333333333331,1.5419771056945373
10.031666666666668,1.639611110482426
10.065,1.7402142956612114
10.098333333333336,1.8283675501655192
10.131666666666668,1.8994220470383447
10.165,1.9491026080204767
10.198333333333336,1.9804357556626586
10.231666666666664,2.0027381714866115
10.265,2.007936710853953
10.298333333333336,1.9898839276956448
10.331666666666667,1.9492413038143472
10.365000000000004,1.8991363784061195
10.398333333333332,1.8317547053562968
10.431666666666668,1.7502634920514524
10.465,1.6483236395028005
10.498333333333337,1.5448494217064495
10.531666666666665,1.4501442072229758
10.565,1.357300614461977
10.598333333333333,1.282764154437016
10.631666666666668,1.232833333192052
10.665,1.1964343218440918
10.698333333333332,1.186909488250036
10.731666666666664,1.192562892088059
10.765,1.2110084434287742
10.798333333333336,1.257549569707575
10.831666666666667,1.3131129993498156
10.865,1.376116763487737
10.898333333333332,1.465341370414131
10.931666666666668,1.5660063988084658
10.965,1.661794238103352
10.998333333333337,1.7598466527321353
11.031666666666665,1.8358340009698872
11.065,1.887763707104461
11.098333333333333,1.9240953552219362
11.131666666666668,1.956830806263747
11.165,1.9525126948766796
11.198333333333332,1.9465668995161651
11.231666666666664,1.9218962335229997
11.265,1.880509832269169
11.298333333333336,1.8326317272959076
11.331666666666667,1.7662623869640912
11.365,1.685007652713153
11.398333333333332,1.5992983741211806
11.431666666666668,1.503203264013351
11.465,1.4123393519763134
11.498333333333337,1.3491426017661368
11.531666666666665,1.2967420344453346
11.565,1.2563362142954062
