t,θ
0.0,2.6148516628285168
0.03333333333333303,2.603505326890736
0.06666666666666697,2.5552582790978
0.1,2.480604218349409
0.13333333333333394,2.3677764480459724
0.16666666666666696,2.2286461993960076
0.2,2.0556129321000878
0.23333333333333303,1.863124945149643
0.26666666666666605,1.6677220458673756
0.30000000000000093,1.4822596663604453
0.3333333333333339,1.291436982932852
0.366666666666667,1.1162469257153578
0.4,0.9682468471132946
0.433333333333333,0.8513033217916074
0.46666666666666695,0.7708655926437998
0.5,0.7247092240372272
0.533333333333333,0.7114344299600273
0.566666666666667,0.736878632406168
0.6,0.7935636458844911
0.633333333333334,0.8816785784703556
0.666666666666667,1.0027331757496405
0.7,1.1474277184738548
0.7333333333333331,1.3154612278898168
0.766666666666666,1.4999589884132885
0.8000000000000009,1.6877644549520217
0.8333333333333339,1.864655386907261
0.8666666666666669,2.0193437965119383
0.9,2.185837585304472
0.933333333333333,2.3122818472888116
0.966666666666667,2.4036160598407843
1.0,2.4689422826484666
1.0333333333333339,2.4985557091269035
1.0666666666666669,2.4993428559178965
1.1,2.4621606580520927
1.133333333333334,2.3969765894240416
1.166666666666667,2.3012220438054736
1.2,2.1754326921130995
1.233333333333333,2.0109143509827296
1.2666666666666662,1.8556111636672603
1.300000000000001,1.6772218774697991
1.333333333333334,1.5047863014769165
1.366666666666667,1.334935671961131
1.4000000000000008,1.1830438709407143
1.433333333333334,1.0539372788024923
1.466666666666668,0.9459858778594509
1.5000000000000009,0.8724621384665541
1.5333333333333339,0.8259580805567159
1.5666666666666669,0.8124652670718907
1.600000000000001,0.8312538042821798
1.633333333333333,0.8794423104954311
1.666666666666667,0.9580746317848253
1.7000000000000008,1.0667985681111238
1.733333333333333,1.1969550716179533
1.766666666666667,1.3478868348203932
1.7999999999999992,1.509352927809104
1.833333333333333,1.6745589505308247
1.866666666666667,1.8399658113793504
1.9000000000000008,2.002256554488424
1.933333333333335,2.1392260854148466
1.966666666666667,2.2396217431234664
2.000000000000001,2.3218504126204405
2.033333333333335,2.3789908225543326
2.066666666666667,2.4031527098534915
2.100000000000001,2.4015206244489335
2.133333333333333,2.3675093662044437
2.166666666666667,2.30836197014017
2.200000000000001,2.2178139409982593
2.233333333333333,2.100721534122627
2.266666666666667,1.9646823569043819
2.299999999999999,1.8119560894103588
2.333333333333333,1.6581442652351304
2.366666666666667,1.5025927880441843
2.400000000000001,1.3571293785002745
2.433333333333335,1.2159396214594094
2.466666666666667,1.0992009857264673
2.500000000000001,1.00170256495607
2.533333333333335,0.9338950638440542
2.566666666666667,0.8948800115596692
2.600000000000001,0.8844419661661217
2.633333333333333,0.9021239586080629
2.666666666666667,0.9488939755726834
2.700000000000001,1.025074445576046
2.733333333333333,1.1220830076311903
2.766666666666667,1.2431122768428196
2.799999999999999,1.3720080285776048
2.833333333333333,1.508759332473882
2.866666666666667,1.6551213396256754
2.900000000000001,1.8083838077689545
2.933333333333335,1.9456205333003613
2.966666666666667,2.0725070252285027
3.000000000000001,2.174201849508897
3.033333333333335,2.251712179730116
3.066666666666667,2.301878653635347
3.100000000000001,2.3243032853850045
3.133333333333333,2.315059504829535
3.166666666666667,2.277651152908177
3.200000000000001,2.2132796908250594
3.233333333333333,2.1301579693075454
3.266666666666667,2.0207282452433937
3.299999999999999,1.8967506326078236
3.333333333333333,1.7593681962988994
3.366666666666669,1.610376326296383
3.400000000000001,1.473852070884996
3.433333333333335,1.3471636808775134
3.466666666666667,1.2300021556372078
3.500000000000001,1.1368195623214108
3.533333333333335,1.0570219139973065
3.566666666666667,1.0003374240174538
3.600000000000001,0.9688954954265195
3.633333333333333,0.9656843652659174
3.666666666666667,0.9905474084983683
3.700000000000001,1.0354926803342683
3.733333333333333,1.1058618054191456
3.766666666666667,1.193255020937913
3.799999999999999,1.3008892850974154
3.833333333333333,1.412352804695095
3.866666666666669,1.53967741086481
3.900000000000001,1.6797347526479867
3.933333333333335,1.8080464841675963
3.966666666666667,1.9404222946065046
4.000000000000001,2.0427453144599714
4.033333333333335,2.125657137483591
4.066666666666667,2.195101626571861
4.1000000000000005,2.234320135210477
4.133333333333333,2.2486645789219195
4.166666666666667,2.2354456140568804
4.200000000000001,2.195482479700087
4.233333333333333,2.1373804632463678
4.266666666666667,2.056807161425759
4.299999999999999,1.9583581690840688
4.333333333333333,1.8352338868459959
4.366666666666669,1.7137817444045425
4.400000000000001,1.585983700602254
4.4333333333333345,1.4614607950241234
4.466666666666667,1.353415832989005
4.500000000000001,1.2420207440845767
4.533333333333335,1.1596625867728885
4.566666666666667,1.0938613117894351
4.6000000000000005,1.0500494426077065
4.633333333333333,1.0295938483748202
4.666666666666667,1.0326435645462233
4.700000000000001,1.0633546642408431
4.733333333333333,1.1176106168158224
4.766666666666667,1.1903299940791534
4.799999999999999,1.281224893639803
4.833333333333333,1.3832639475747213
4.866666666666669,1.5004072522492784
4.900000000000001,1.6242372196689983
4.9333333333333345,1.7386244655122642
4.966666666666667,1.8555389072681452
5.000000000000001,1.9652487728209396
5.033333333333335,2.050487183650189
5.066666666666667,2.1205634131712445
5.1000000000000005,2.169888301433582
5.133333333333333,2.196167267366313
5.166666666666667,2.1954511102505836
5.200000000000001,2.174099458685313
5.233333333333333,2.126508397071137
5.266666666666667,2.0656450810833147
5.299999999999999,1.977302665500126
5.333333333333335,1.8853318346799683
5.366666666666669,1.77822716056247
5.400000000000001,1.660606713570625
5.4333333333333345,1.5429075111445325
5.466666666666667,1.4348051180885983
5.500000000000001,1.3317273052191365
5.533333333333335,1.2430736620195146
5.566666666666667,1.1727427482542123
5.6000000000000005,1.1210577490044813
5.633333333333333,1.0877703502553182
5.666666666666667,1.0784575665743006
5.700000000000001,1.0906858213303652
5.733333333333333,1.1227862615395399
5.766666666666667,1.1758054131391056
5.799999999999999,1.2486332046962187
5.833333333333335,1.3370379761093467
5.866666666666669,1.43267335596909
5.900000000000001,1.5383847781223257
5.9333333333333345,1.6478945210302274
5.966666666666667,1.752465943229913
6.000000000000001,1.8585664337726189
6.033333333333335,1.9523380645708224
6.066666666666667,2.0250517431254575
6.1000000000000005,2.084838883528235
6.133333333333333,2.1204208080964935
6.166666666666667,2.1411854916308517
6.200000000000001,2.1341839320977103
6.233333333333333,2.109007294875462
6.266666666666667,2.0591715045585666
6.299999999999999,1.993859157680118
6.333333333333335,1.9161169525012112
6.366666666666669,1.8207014794711482
6.400000000000001,1.7231680155264986
6.4333333333333345,1.6149325409499513
6.466666666666667,1.508160368184615
6.500000000000001,1.413176724992745
6.533333333333335,1.3216089959613273
6.566666666666667,1.2467924513564748
6.6000000000000005,1.1876146571479311
6.633333333333333,1.147538012219559
6.666666666666667,1.1259709119987775
6.700000000000001,1.124815235316452