t,a
6.141473400E-2,9.715999603E0
6.635134900E-2,9.715999603E0
7.128788800E-2,9.711000443E0
7.622504600E-2,9.701999664E0
8.116127700E-2,9.692000389E0
8.609727700E-2,9.692000389E0
9.103380500E-2,9.673000336E0
9.597011300E-2,9.715999603E0
1.009063440E-1,9.678000450E0
1.058418620E-1,9.678000450E0
1.107778620E-1,9.706000328E0
1.157137080E-1,9.711000443E0
1.206499390E-1,9.701999664E0
1.255858620E-1,9.687000275E0
1.305221700E-1,9.673000336E0
1.354583810E-1,9.682000160E0
1.403948420E-1,9.711000443E0
1.453316110E-1,9.715999603E0
1.502685390E-1,9.701999664E0
1.552055390E-1,9.696999550E0
1.601419240E-1,9.692000389E0
1.650777600E-1,9.711000443E0
1.700152990E-1,9.715999603E0
1.749522220E-1,9.682000160E0
1.798885910E-1,9.696999550E0
1.848246680E-1,9.678000450E0
1.897606680E-1,9.711000443E0
1.946966680E-1,9.682000160E0
1.996332840E-1,9.687000275E0
2.045695050E-1,9.706000328E0
2.095058890E-1,9.715999603E0
2.144418890E-1,9.682000160E0
2.193784960E-1,9.682000160E0
2.243156490E-1,9.687000275E0
2.292526490E-1,9.715999603E0
2.341891830E-1,9.682000160E0
2.391261830E-1,9.682000160E0
2.440627980E-1,9.715999603E0
2.489987250E-1,9.682000160E0
2.539340330E-1,9.682000160E0
2.588689560E-1,9.682000160E0
2.638044950E-1,9.696999550E0
2.687398020E-1,9.696999550E0
2.736754180E-1,9.696999550E0
2.786110960E-1,9.715999603E0
2.835464810E-1,9.715999603E0
2.884817120E-1,9.682000160E0
2.934167120E-1,9.682000160E0
2.983521730E-1,9.682000160E0
3.032877880E-1,9.682000160E0
3.082223220E-1,9.682000160E0
3.131578600E-1,9.682000160E0
3.180931680E-1,9.682000160E0
3.230289470E-1,9.715999603E0
3.279657940E-1,9.682000160E0
3.329013320E-1,9.687000275E0
3.378376730E-1,9.715999603E0
3.427734420E-1,9.682000160E0
3.477085190E-1,9.682000160E0
3.526440480E-1,9.682000160E0
3.575793560E-1,9.701999664E0
3.625148180E-1,9.715999603E0
3.674508270E-1,9.682000160E0
3.723865960E-1,9.696999550E0
3.773225190E-1,9.711000443E0
3.822583600E-1,9.696999550E0
3.871936680E-1,9.682000160E0
3.921293600E-1,9.696999550E0
3.970650570E-1,9.696999550E0
4.020003650E-1,9.682000160E0
4.069354370E-1,9.696999550E0
4.118710520E-1,9.682000160E0
4.168068990E-1,9.682000160E0
4.217430390E-1,9.682000160E0
4.266784230E-1,9.682000160E0
4.316146540E-1,9.696999550E0
4.365502060E-1,9.696999550E0
4.414847450E-1,9.711000443E0
4.464204370E-1,9.696999550E0
4.513556200E-1,9.682000160E0
4.562913890E-1,9.682000160E0
4.612266970E-1,9.696999550E0
4.661618510E-1,9.682000160E0
4.710976970E-1,9.696999550E0
4.760338510E-1,9.682000160E0
4.809700100E-1,9.682000160E0
4.859060100E-1,9.682000160E0
4.908413170E-1,9.711000443E0
4.957762360E-1,9.711000443E0
5.007115430E-1,9.696999550E0
5.056465430E-1,9.696999550E0
5.105823170E-1,9.682000160E0
5.155175480E-1,9.696999550E0
5.204537020E-1,9.682000160E0
5.253899330E-1,9.715999603E0
5.303270100E-1,9.682000160E0
5.352640100E-1,9.715999603E0
5.401997790E-1,9.682000160E0
5.451363940E-1,9.715999603E0
5.500723180E-1,9.682000160E0
5.550083760E-1,9.715999603E0
5.599442990E-1,9.715999603E0
5.648809140E-1,9.682000160E0
5.698162890E-1,9.715999603E0
5.747518270E-1,9.701999664E0
5.796877500E-1,9.701999664E0
5.846233660E-1,9.715999603E0
5.895596730E-1,9.682000160E0
5.944957500E-1,9.682000160E0
5.994321300E-1,9.682000160E0
6.043677450E-1,9.715999603E0
6.093033610E-1,9.682000160E0
6.142390580E-1,9.696999550E0
6.191755200E-1,9.696999550E0
6.241115960E-1,9.682000160E0
6.290475910E-1,9.682000160E0
6.339832840E-1,9.682000160E0
6.389188220E-1,9.682000160E0
6.438543660E-1,9.682000160E0
6.487902890E-1,9.682000160E0
6.537255200E-1,9.715999603E0
6.586619950E-1,9.682000160E0
6.635983030E-1,9.682000160E0
6.685343030E-1,9.682000160E0
6.734713750E-1,9.682000160E0
6.784078360E-1,9.696999550E0
6.833438360E-1,9.682000160E0
6.882808220E-1,9.682000160E0
6.932180530E-1,9.696999550E0
6.981547450E-1,9.678000450E0
7.030914520E-1,9.711000443E0
7.080279130E-1,9.678000450E0
7.129646060E-1,9.696999550E0
7.179005870E-1,9.678000450E0
7.228369710E-1,9.696999550E0
7.277732020E-1,9.696999550E0
7.327089040E-1,9.696999550E0
7.376445200E-1,9.696999550E0
7.425802120E-1,9.682000160E0
7.475156060E-1,9.682000160E0
7.524513750E-1,9.682000160E0
7.573863750E-1,9.682000160E0
7.623206780E-1,9.682000160E0
7.672551390E-1,9.682000160E0
7.721897550E-1,9.682000160E0
7.771253750E-1,9.682000160E0
7.820612980E-1,9.696999550E0
7.869976060E-1,9.696999550E0
7.919326300E-1,9.682000160E0
7.968683990E-1,9.715999603E0
8.018030910E-1,9.682000160E0
8.067387740E-1,9.696999550E0
8.116745430E-1,9.696999550E0
8.166099280E-1,9.696999550E0
8.215453850E-1,9.696999550E0
8.264810770E-1,9.711000443E0
8.314172310E-1,9.678000450E0
8.363534710E-1,9.678000450E0
8.412891630E-1,9.678000450E0
8.462251630E-1,9.678000450E0
8.511612540E-1,9.678000450E0
8.560976390E-1,9.678000450E0
8.610347930E-1,9.696999550E0
8.659716490E-1,9.696999550E0
8.709077260E-1,9.682000160E0
8.758434950E-1,9.682000160E0
8.807795000E-1,9.682000160E0
8.857155000E-1,9.715999603E0
8.906518080E-1,9.715999603E0
8.955871250E-1,9.701999664E0
9.005221250E-1,9.715999603E0
9.054575090E-1,9.701999664E0
9.103924320E-1,9.687000275E0
9.153288940E-1,9.701999664E0
9.202658940E-1,9.715999603E0
9.252034270E-1,9.715999603E0
9.301401200E-1,9.701999664E0
9.350754180E-1,9.673000336E0
9.400111110E-1,9.673000336E0
9.449474950E-1,9.715999603E0
9.498842020E-1,9.715999603E0
9.548203560E-1,9.682000160E0
9.597556630E-1,9.701999664E0
9.646912160E-1,9.701999664E0
9.696267540E-1,9.715999603E0
9.745626770E-1,9.715999603E0
9.794995190E-1,9.682000160E0
9.844355190E-1,9.682000160E0
9.893710580E-1,9.682000160E0
9.943069950E-1,9.711000443E0
9.992436870E-1,9.696999550E0
1.004179995E0,9.696999550E0
1.009114477E0,9.696999550E0
1.014049246E0,9.696999550E0
1.018984938E0,9.711000443E0
1.023920164E0,9.696999550E0
1.028855625E0,9.696999550E0
1.033790933E0,9.711000443E0
1.038727092E0,9.696999550E0
1.043663784E0,9.715999603E0
1.048599631E0,9.715999603E0
1.053536160E0,9.715999603E0
1.058472545E0,9.715999603E0
1.063408775E0,9.682000160E0
1.068344842E0,9.687000275E0
1.073280150E0,9.687000275E0
1.078215304E0,9.687000275E0
1.083150751E0,9.687000275E0
1.088087213E0,9.687000275E0
1.093023598E0,9.673000336E0
1.097959434E0,9.687000275E0
1.102895511E0,9.715999603E0
1.107831434E0,9.687000275E0
1.112766823E0,9.682000160E0
1.117702054E0,9.682000160E0
1.122637670E0,9.715999603E0
1.127573434E0,9.682000160E0
1.132509972E0,9.696999550E0
1.137446126E0,9.696999550E0
1.142382583E0,9.711000443E0
1.147318967E0,9.711000443E0
1.152255506E0,9.711000443E0
1.157191727E0,9.711000443E0
1.162128804E0,9.692000389E0
1.167065573E0,9.678000450E0
1.172001804E0,9.696999550E0
1.176938727E0,9.696999550E0
1.181875419E0,9.696999550E0
1.186811626E0,9.696999550E0
1.191747933E0,9.682000160E0
1.196684318E0,9.715999603E0
1.201620915E0,9.682000160E0
1.206557376E0,9.687000275E0
1.211493915E0,9.687000275E0
1.216429597E0,9.687000275E0
1.221364520E0,9.701999664E0
1.226299289E0,9.687000275E0
1.231235419E0,9.687000275E0
1.236172573E0,9.687000275E0
1.241109573E0,9.687000275E0
1.246046636E0,9.701999664E0
1.250983328E0,9.687000275E0
1.255920236E0,9.682000160E0
1.260858006E0,9.715999603E0
1.265796236E0,9.682000160E0
1.270732780E0,9.682000160E0
1.275669549E0,9.696999550E0
1.280606318E0,9.696999550E0
1.285542794E0,9.711000443E0
1.290479178E0,9.678000450E0
1.295415640E0,9.692000389E0
1.300352491E0,9.696999550E0
1.305289645E0,9.696999550E0
1.310226799E0,9.678000450E0
1.315163188E0,9.706000328E0
1.320099804E0,9.678000450E0
1.325036189E0,9.678000450E0
1.329972337E0,9.696999550E0
1.334908260E0,9.696999550E0
1.339843722E0,9.682000160E0
1.344780093E0,9.682000160E0
1.349716093E0,9.715999603E0
1.354652400E0,9.701999664E0
1.359588842E0,9.682000160E0
1.364524919E0,9.687000275E0
1.369460150E0,9.715999603E0
1.374395380E0,9.673000336E0
1.379330457E0,9.701999664E0
1.384266380E0,9.701999664E0
1.389202616E0,9.701999664E0
1.394138616E0,9.687000275E0
1.399075462E0,9.682000160E0
1.404011232E0,9.715999603E0
1.408946001E0,9.701999664E0
1.413880693E0,9.701999664E0
1.418815789E0,9.715999603E0
1.423751712E0,9.696999550E0
1.428687251E0,9.682000160E0
1.433621784E0,9.696999550E0
1.438556938E0,9.696999550E0
1.443492630E0,9.678000450E0
1.448429246E0,9.711000443E0
1.453365169E0,9.711000443E0
1.458300707E0,9.711000443E0
1.463236184E0,9.711000443E0
1.468171876E0,9.678000450E0
1.473107184E0,9.696999550E0
1.478043890E0,9.696999550E0
1.482979967E0,9.696999550E0
1.487915429E0,9.682000160E0
1.492851362E0,9.696999550E0
1.497786823E0,9.696999550E0
1.502722285E0,9.682000160E0
1.507657669E0,9.701999664E0
1.512593977E0,9.715999603E0
1.517529746E0,9.682000160E0
1.522466212E0,9.715999603E0
1.527402289E0,9.715999603E0
1.532338520E0,9.682000160E0
1.537274674E0,9.682000160E0
1.542211136E0,9.715999603E0
1.547146982E0,9.715999603E0
1.552082670E0,9.715999603E0
1.557018746E0,9.715999603E0
1.561955670E0,9.682000160E0
1.566892063E0,9.682000160E0
1.571828140E0,9.715999603E0
1.576765140E0,9.696999550E0
1.581700477E0,9.682000160E0
1.586636477E0,9.711000443E0
1.591573015E0,9.678000450E0
1.596509347E0,9.682000160E0
1.601446655E0,9.696999550E0
1.606383660E0,9.715999603E0
1.611320660E0,9.696999550E0
1.616257814E0,9.696999550E0
1.621193986E0,9.696999550E0
1.626130910E0,9.711000443E0
1.631066525E0,9.696999550E0
1.636002660E0,9.696999550E0
1.640938660E0,9.696999550E0
1.645874429E0,9.696999550E0
1.650810188E0,9.715999603E0
1.655746111E0,9.682000160E0
1.660682727E0,9.696999550E0
1.665619116E0,9.682000160E0
1.670555116E0,9.682000160E0
1.675491732E0,9.715999603E0
1.680428280E0,9.715999603E0
1.685364973E0,9.715999603E0
1.690301434E0,9.715999603E0
1.695238126E0,9.696999550E0
1.700174819E0,9.701999664E0
1.705111126E0,9.687000275E0
1.710047342E0,9.715999603E0
1.714982881E0,9.715999603E0
1.719918881E0,9.682000160E0
1.724855107E0,9.701999664E0
1.729791799E0,9.682000160E0
1.734727645E0,9.682000160E0
1.739663103E0,9.701999664E0
1.744598641E0,9.682000160E0
1.749534256E0,9.711000443E0
1.754471175E0,9.696999550E0
1.759407021E0,9.696999550E0
1.764342944E0,9.696999550E0
1.769278721E0,9.696999550E0
1.774214798E0,9.678000450E0
1.779151029E0,9.696999550E0
1.784087947E0,9.696999550E0
1.789023947E0,9.696999550E0
1.793960408E0,9.696999550E0
1.798896962E0,9.696999550E0
1.803833577E0,9.696999550E0
1.808770255E0,9.682000160E0
1.813706024E0,9.682000160E0
1.818642332E0,9.715999603E0
1.823579236E0,9.682000160E0
1.828516005E0,9.682000160E0
1.833452543E0,9.687000275E0
1.838388467E0,9.715999603E0
1.843324082E0,9.687000275E0
1.848260543E0,9.715999603E0
1.853196833E0,9.715999603E0
1.858132833E0,9.701999664E0
1.863069372E0,9.715999603E0
1.868006620E0,9.715999603E0
1.872944005E0,9.682000160E0
1.877880851E0,9.696999550E0
1.882817788E0,9.696999550E0
1.887754096E0,9.682000160E0
1.892689486E0,9.682000160E0
1.897624563E0,9.682000160E0
1.902560640E0,9.696999550E0
1.907496942E0,9.696999550E0
1.912433327E0,9.711000443E0
1.917370019E0,9.682000160E0
1.922306390E0,9.696999550E0
1.927243236E0,9.696999550E0
1.932179621E0,9.711000443E0
1.937117005E0,9.696999550E0
1.942053851E0,9.682000160E0
1.946990774E0,9.682000160E0
1.951927798E0,9.696999550E0
1.956864798E0,9.696999550E0
1.961801260E0,9.696999550E0
1.966737341E0,9.696999550E0
1.971673110E0,9.682000160E0
1.976608495E0,9.701999664E0
1.981544433E0,9.682000160E0
1.986480741E0,9.682000160E0
1.991416818E0,9.682000160E0
1.996353894E0,9.682000160E0
2.001291048E0,9.682000160E0
2.006227837E0,9.682000160E0
2.011163221E0,9.682000160E0
2.016098529E0,9.696999550E0
2.021034505E0,9.696999550E0
2.025970659E0,9.682000160E0
2.030906967E0,9.711000443E0
2.035843890E0,9.682000160E0
2.040780274E0,9.682000160E0
2.045716428E0,9.682000160E0
2.050652356E0,9.682000160E0
2.055589202E0,9.696999550E0
2.060525741E0,9.696999550E0
2.065462115E0,9.696999550E0
2.070399115E0,9.682000160E0
2.075335731E0,9.715999603E0
2.080273048E0,9.715999603E0
2.085210586E0,9.682000160E0
2.090147509E0,9.682000160E0
2.095084572E0,9.682000160E0
2.100021803E0,9.701999664E0
2.104959264E0,9.715999603E0
2.109896111E0,9.682000160E0
2.114833111E0,9.682000160E0
2.119769880E0,9.682000160E0
2.124706735E0,9.715999603E0
2.129643812E0,9.682000160E0
2.134579889E0,9.682000160E0
2.139516360E0,9.682000160E0
2.144451899E0,9.715999603E0
2.149386745E0,9.715999603E0
2.154322759E0,9.715999603E0
2.159259067E0,9.682000160E0
2.164195144E0,9.682000160E0
2.169131111E0,9.682000160E0
2.174066418E0,9.682000160E0
2.179002495E0,9.696999550E0
2.183939326E0,9.696999550E0
2.188875403E0,9.696999550E0
2.193811865E0,9.682000160E0
2.198748548E0,9.696999550E0
2.203685471E0,9.715999603E0
2.208622461E0,9.682000160E0
2.213558769E0,9.682000160E0
2.218494923E0,9.682000160E0
2.223430504E0,9.715999603E0
2.228365889E0,9.696999550E0
2.233301889E0,9.682000160E0
2.238238798E0,9.682000160E0
2.243175337E0,9.682000160E0
2.248111260E0,9.682000160E0
2.253047581E0,9.715999603E0
2.257983889E0,9.715999603E0
2.262919504E0,9.696999550E0
2.267854880E0,9.715999603E0
2.272791111E0,9.682000160E0
2.277727034E0,9.715999603E0
2.282663019E0,9.682000160E0
2.287599327E0,9.696999550E0
2.292535173E0,9.682000160E0
2.297471491E0,9.715999603E0
2.302407491E0,9.715999603E0
2.307343029E0,9.682000160E0
2.312278856E0,9.682000160E0
2.317214856E0,9.715999603E0
2.322151010E0,9.715999603E0
2.327087730E0,9.696999550E0
2.332024115E0,9.696999550E0
2.336960423E0,9.682000160E0
2.341896356E0,9.696999550E0
2.346831894E0,9.682000160E0
2.351767740E0,9.715999603E0
2.356704664E0,9.682000160E0
2.361641356E0,9.682000160E0
2.366577356E0,9.682000160E0
2.371513043E0,9.715999603E0
2.376448812E0,9.682000160E0
2.381384659E0,9.696999550E0
2.386320807E0,9.682000160E0
2.391256884E0,9.682000160E0
2.396193115E0,9.696999550E0
2.401128913E0,9.682000160E0
2.406064298E0,9.696999550E0
2.410999221E0,9.696999550E0
2.415934438E0,9.715999603E0
2.420870053E0,9.715999603E0
2.425804976E0,9.696999550E0
2.430740058E0,9.682000160E0
2.435674981E0,9.682000160E0
2.440610520E0,9.696999550E0
2.445547192E0,9.682000160E0
2.450483346E0,9.715999603E0
2.455420192E0,9.682000160E0
2.460357082E0,9.682000160E0
2.465293390E0,9.682000160E0
2.470229929E0,9.715999603E0
2.475166837E0,9.682000160E0
2.480103298E0,9.682000160E0
2.485038914E0,9.696999550E0
2.489975144E0,9.682000160E0
2.494911606E0,9.682000160E0
2.499847298E0,9.696999550E0
2.504782996E0,9.682000160E0
2.509718226E0,9.682000160E0
2.514653303E0,9.682000160E0
2.519588082E0,9.682000160E0
2.524524005E0,9.682000160E0
2.529459851E0,9.696999550E0
2.534395611E0,9.682000160E0
2.539330303E0,9.696999550E0
2.544265688E0,9.696999550E0
2.549200317E0,9.696999550E0
2.554135087E0,9.696999550E0
2.559070548E0,9.696999550E0
2.564006211E0,9.682000160E0
2.568941519E0,9.682000160E0
2.573877596E0,9.711000443E0
2.578813601E0,9.682000160E0
2.583749678E0,9.715999603E0
2.588685755E0,9.682000160E0
2.593622222E0,9.715999603E0
2.598558452E0,9.715999603E0
2.603494222E0,9.682000160E0
2.608430384E0,9.682000160E0
2.613366461E0,9.696999550E0
2.618302692E0,9.682000160E0
2.623239538E0,9.682000160E0
2.628175769E0,9.715999603E0
2.633111769E0,9.715999603E0
2.638048389E0,9.711000443E0
2.642984697E0,9.682000160E0
2.647920928E0,9.682000160E0
2.652857164E0,9.696999550E0
2.657792856E0,9.696999550E0
2.662728779E0,9.682000160E0
2.667664000E0,9.682000160E0
2.672599231E0,9.682000160E0
2.677534154E0,9.696999550E0
2.682470241E0,9.711000443E0
2.687406010E0,9.682000160E0
2.692341010E0,9.696999550E0
2.697276846E0,9.682000160E0
2.702212923E0,9.682000160E0
2.707148846E0,9.701999664E0
2.712084856E0,9.715999603E0
2.717020472E0,9.682000160E0
2.721956087E0,9.715999603E0
2.726891236E0,9.715999603E0
2.731826236E0,9.715999603E0
2.736761390E0,9.673000336E0
2.741696231E0,9.715999603E0
2.746632077E0,9.715999603E0
2.751567846E0,9.682000160E0
2.756503145E0,9.701999664E0
2.761438376E0,9.696999550E0
2.766373376E0,9.696999550E0
2.771308535E0,9.682000160E0
2.776242765E0,9.682000160E0
2.781177227E0,9.682000160E0
2.786112612E0,9.696999550E0
2.791048919E0,9.682000160E0
2.795984996E0,9.682000160E0
2.800920308E0,9.711000443E0
2.805855539E0,9.682000160E0
2.810791231E0,9.682000160E0
2.815726895E0,9.696999550E0
2.820662818E0,9.682000160E0
2.825598665E0,9.715999603E0
2.830533962E0,9.701999664E0
2.835469039E0,9.682000160E0
2.840404347E0,9.696999550E0
2.845339876E0,9.682000160E0
2.850275261E0,9.715999603E0
2.855209804E0,9.682000160E0
2.860144804E0,9.682000160E0
2.865079880E0,9.682000160E0
2.870015183E0,9.696999550E0
2.874950260E0,9.696999550E0
2.879885876E0,9.682000160E0
2.884820808E0,9.696999550E0
2.889755731E0,9.696999550E0
2.894690269E0,9.682000160E0
2.899625351E0,9.711000443E0
2.904560582E0,9.682000160E0
2.909495659E0,9.715999603E0
2.914430428E0,9.682000160E0
2.919364659E0,9.682000160E0
2.924299197E0,9.682000160E0
2.929233736E0,9.696999550E0
2.934167890E0,9.682000160E0
2.939102582E0,9.682000160E0
2.944037298E0,9.682000160E0
2.948972375E0,9.682000160E0
2.953907529E0,9.715999603E0
2.958842909E0,9.696999550E0
2.963777447E0,9.711000443E0
2.968711370E0,9.682000160E0
2.973645688E0,9.682000160E0
2.978580150E0,9.682000160E0
2.983514611E0,9.711000443E0
2.988449486E0,9.682000160E0
2.993384640E0,9.682000160E0
2.998320102E0,9.696999550E0
3.003254866E0,9.682000160E0
3.008189943E0,9.715999603E0
3.013124020E0,9.682000160E0
3.018058870E0,9.696999550E0
3.022993255E0,9.682000160E0
3.027927793E0,9.682000160E0
3.032862866E0,9.701999664E0
3.037798558E0,9.715999603E0
3.042733866E0,9.682000160E0
3.047669476E0,9.696999550E0
3.052604707E0,9.682000160E0
3.057540015E0,9.682000160E0
3.062474875E0,9.696999550E0
3.067409875E0,9.715999603E0
3.072345952E0,9.682000160E0
3.077281424E0,9.682000160E0
3.082216962E0,9.682000160E0
3.087151577E0,9.696999550E0
3.092087125E0,9.682000160E0
3.097022510E0,9.696999550E0
3.101957894E0,9.682000160E0
3.106893674E0,9.696999550E0
3.111828905E0,9.682000160E0
3.116763597E0,9.682000160E0
3.121699890E0,9.682000160E0
3.126635198E0,9.682000160E0
3.131570352E0,9.682000160E0
3.136505813E0,9.682000160E0
3.141440736E0,9.696999550E0
3.146375429E0,9.682000160E0
3.151310967E0,9.682000160E0
3.156246429E0,9.696999550E0
3.161181583E0,9.682000160E0
3.166116290E0,9.715999603E0
3.171051598E0,9.715999603E0
3.175986193E0,9.682000160E0
3.180920885E0,9.682000160E0
3.185856039E0,9.696999550E0
3.190791511E0,9.715999603E0
3.195726511E0,9.682000160E0
3.200661511E0,9.682000160E0
3.205596660E0,9.696999550E0
3.210531813E0,9.682000160E0
3.215467737E0,9.696999550E0
3.220402799E0,9.682000160E0
3.225337569E0,9.696999550E0
3.230272107E0,9.682000160E0
3.235206885E0,9.715999603E0
3.240141809E0,9.715999603E0
3.245077347E0,9.696999550E0
3.250012492E0,9.682000160E0
3.254948184E0,9.682000160E0
3.259884030E0,9.682000160E0
3.264819342E0,9.682000160E0
3.269754804E0,9.696999550E0
3.274689265E0,9.715999603E0
3.279622756E0,9.682000160E0
3.284557063E0,9.715999603E0
3.289491679E0,9.696999550E0
3.294426034E0,9.715999603E0
3.299360265E0,9.682000160E0
3.304294573E0,9.682000160E0
3.309228655E0,9.682000160E0
3.314163193E0,9.696999550E0
3.319097886E0,9.682000160E0
3.324031872E0,9.682000160E0
3.328965872E0,9.682000160E0
3.333900333E0,9.682000160E0
3.338835015E0,9.715999603E0
3.343769784E0,9.682000160E0
3.348704938E0,9.682000160E0
3.353640010E0,9.682000160E0
3.358574394E0,9.682000160E0
3.363508702E0,9.682000160E0
3.368443235E0,9.682000160E0
3.373377928E0,9.682000160E0
3.378312466E0,9.682000160E0
3.383247471E0,9.682000160E0
3.388181856E0,9.696999550E0
3.393115625E0,9.711000443E0
3.398049611E0,9.682000160E0
3.402983688E0,9.715999603E0
3.407918457E0,9.682000160E0
3.412853457E0,9.682000160E0
3.417788457E0,9.696999550E0
3.422723957E0,9.682000160E0
3.427659034E0,9.715999603E0
3.432594264E0,9.696999550E0
3.437529808E0,9.682000160E0
3.442465039E0,9.696999550E0
3.447399731E0,9.715999603E0
3.452334957E0,9.696999550E0
3.457270957E0,9.682000160E0
3.462206188E0,9.682000160E0
3.467141029E0,9.682000160E0
3.472075952E0,9.696999550E0
3.477010413E0,9.682000160E0
3.481945870E0,9.715999603E0
3.486881947E0,9.715999603E0
3.491817649E0,9.682000160E0
3.496753726E0,9.701999664E0
3.501689649E0,9.682000160E0
3.506625716E0,9.715999603E0
3.511560639E0,9.715999603E0
3.516496101E0,9.715999603E0
3.521431870E0,9.682000160E0
3.526368101E0,9.682000160E0
3.531304485E0,9.682000160E0
3.536240562E0,9.682000160E0
3.541176793E0,9.696999550E0
3.546112947E0,9.715999603E0
3.551049400E0,9.682000160E0
3.555985477E0,9.682000160E0
3.560921400E0,9.696999550E0
3.565857477E0,9.682000160E0
3.570792630E0,9.696999550E0
3.575727246E0,9.696999550E0
3.580662111E0,9.682000160E0
3.585597419E0,9.696999550E0
3.590533111E0,9.711000443E0
3.595469048E0,9.696999550E0
3.600404356E0,9.715999603E0
3.605339658E0,9.682000160E0
3.610276274E0,9.682000160E0
3.615212812E0,9.682000160E0
3.620149582E0,9.682000160E0
3.625085812E0,9.696999550E0
3.630021428E0,9.682000160E0
3.634957197E0,9.715999603E0
3.639893351E0,9.696999550E0
3.644829505E0,9.682000160E0
3.649764621E0,9.715999603E0
3.654699544E0,9.682000160E0
3.659634775E0,9.682000160E0
3.664570067E0,9.682000160E0
3.669506221E0,9.682000160E0
3.674442529E0,9.682000160E0
3.679378760E0,9.682000160E0
3.684315375E0,9.701999664E0
3.689251375E0,9.682000160E0
3.694187913E0,9.715999603E0
3.699124760E0,9.696999550E0
3.704061452E0,9.682000160E0
3.708997082E0,9.715999603E0
3.713932236E0,9.715999603E0
3.718866852E0,9.682000160E0
3.723801370E0,9.682000160E0
3.728734909E0,9.682000160E0
3.733668755E0,9.696999550E0
3.738602919E0,9.682000160E0
3.743536765E0,9.715999603E0
3.748470996E0,9.715999603E0
3.753404317E0,9.682000160E0
3.758338548E0,9.701999664E0
3.763274394E0,9.696999550E0
3.768210539E0,9.696999550E0
3.773146385E0,9.715999603E0
3.778082616E0,9.682000160E0
3.783019245E0,9.682000160E0
3.787955245E0,9.682000160E0
3.792892399E0,9.682000160E0
3.797829481E0,9.682000160E0
3.802766866E0,9.715999603E0
3.807703644E0,9.682000160E0
3.812640029E0,9.715999603E0
3.817577413E0,9.682000160E0
3.822514712E0,9.682000160E0
3.827451250E0,9.696999550E0
3.832387250E0,9.696999550E0
3.837323240E0,9.715999603E0
3.842259164E0,9.715999603E0
3.847195856E0,9.682000160E0
3.852132236E0,9.715999603E0
3.857068312E0,9.682000160E0
3.862004928E0,9.682000160E0
3.866942010E0,9.715999603E0
3.871878625E0,9.682000160E0
3.876815164E0,9.682000160E0
3.881751535E0,9.696999550E0
3.886688766E0,9.682000160E0
3.891625920E0,9.682000160E0
3.896563078E0,9.696999550E0
3.901500232E0,9.682000160E0
3.906436693E0,9.682000160E0
3.911372851E0,9.696999550E0
3.916309082E0,9.682000160E0
3.921244928E0,9.682000160E0
3.926180476E0,9.715999603E0
3.931116246E0,9.715999603E0
3.936052477E0,9.682000160E0
3.940989332E0,9.696999550E0
3.945925486E0,9.696999550E0
3.950862562E0,9.696999550E0
3.955798822E0,9.682000160E0
3.960735438E0,9.682000160E0
3.965671591E0,9.682000160E0
3.970606808E0,9.696999550E0
3.975543193E0,9.715999603E0
3.980478731E0,9.682000160E0
3.985414957E0,9.682000160E0
3.990351034E0,9.696999550E0
3.995286265E0,9.715999603E0
4.000221711E0,9.711000443E0
4.005157019E0,9.696999550E0
4.010092250E0,9.696999550E0
4.015028241E0,9.682000160E0
4.019965010E0,9.711000443E0
4.024901856E0,9.696999550E0
4.029837861E0,9.715999603E0
4.034773708E0,9.711000443E0
4.039709477E0,9.696999550E0
4.044645073E0,9.682000160E0
4.049580919E0,9.682000160E0
4.054517227E0,9.682000160E0
4.059453699E0,9.715999603E0
4.064390699E0,9.682000160E0
4.069327083E0,9.715999603E0
4.074263237E0,9.715999603E0
4.079199852E0,9.682000160E0
4.084136391E0,9.715999603E0
4.089072689E0,9.682000160E0
4.094008996E0,9.715999603E0
4.098945227E0,9.715999603E0
4.103881453E0,9.715999603E0
4.108817068E0,9.715999603E0
4.113753612E0,9.682000160E0
4.118689996E0,9.682000160E0
4.123625843E0,9.682000160E0
4.128561314E0,9.682000160E0
4.133497006E0,9.682000160E0
4.138433006E0,9.715999603E0
4.143369323E0,9.696999550E0
4.148306631E0,9.682000160E0
4.153243323E0,9.682000160E0
4.158179949E0,9.696999550E0
4.163115949E0,9.682000160E0
4.168052179E0,9.715999603E0
4.172987877E0,9.715999603E0
4.177923031E0,9.682000160E0
4.182858877E0,9.682000160E0
4.187795246E0,9.715999603E0
4.192732246E0,9.682000160E0
4.197669093E0,9.715999603E0
4.202605713E0,9.715999603E0
4.207542098E0,9.687000275E0
4.212479021E0,9.701999664E0
4.217414728E0,9.682000160E0
4.222350266E0,9.696999550E0
4.227286190E0,9.682000160E0
4.232222501E0,9.682000160E0
4.237159578E0,9.682000160E0
4.242096194E0,9.682000160E0
4.247031809E0,9.682000160E0
4.251968117E0,9.682000160E0
4.256904194E0,9.696999550E0
4.261840256E0,9.682000160E0
4.266776486E0,9.696999550E0
4.271712409E0,9.696999550E0
4.276648265E0,9.682000160E0
4.281584341E0,9.696999550E0
4.286520341E0,9.696999550E0
4.291455736E0,9.696999550E0
4.296392121E0,9.682000160E0
4.301327121E0,9.696999550E0
4.306262049E0,9.682000160E0
4.311197280E0,9.673000336E0
4.316132049E0,9.701999664E0
4.321067832E0,9.678000450E0
4.326003832E0,9.678000450E0
4.330940524E0,9.696999550E0
4.335876837E0,9.682000160E0
4.340813222E0,9.715999603E0
4.345749145E0,9.682000160E0
4.350684976E0,9.682000160E0
4.355620976E0,9.701999664E0
4.360556668E0,9.715999603E0
4.365492972E0,9.682000160E0
4.370429280E0,9.715999603E0
4.375364203E0,9.696999550E0
4.380299419E0,9.715999603E0
4.385235034E0,9.715999603E0
4.390171034E0,9.682000160E0
4.395107332E0,9.715999603E0
4.400042255E0,9.715999603E0
4.404977467E0,9.682000160E0
4.409912697E0,9.715999603E0
4.414848390E0,9.696999550E0
4.419783154E0,9.682000160E0
4.424717846E0,9.682000160E0
4.429653308E0,9.696999550E0
4.434588356E0,9.682000160E0
4.439524279E0,9.682000160E0
4.444460279E0,9.696999550E0
4.449395327E0,9.682000160E0
4.454331865E0,9.696999550E0
4.459268019E0,9.682000160E0
4.464204631E0,9.715999603E0
4.469141707E0,9.682000160E0
4.474078015E0,9.715999603E0
4.479014019E0,9.715999603E0
4.483950558E0,9.682000160E0
4.488886942E0,9.715999603E0
4.493823030E0,9.682000160E0
4.498759646E0,9.682000160E0
4.503696492E0,9.682000160E0
4.508632251E0,9.682000160E0
4.513568251E0,9.696999550E0
4.518505174E0,9.715999603E0
4.523441776E0,9.682000160E0
4.528378545E0,9.682000160E0
4.533314468E0,9.715999603E0
4.538250929E0,9.682000160E0
4.543187314E0,9.682000160E0
4.548123929E0,9.696999550E0
4.553060708E0,9.682000160E0
4.557997400E0,9.696999550E0
4.562933631E0,9.678000450E0
4.567869535E0,9.696999550E0
4.572805227E0,9.696999550E0
4.577741458E0,9.682000160E0
4.582678159E0,9.715999603E0
4.587615082E0,9.682000160E0
4.592551390E0,9.696999550E0
4.597488467E0,9.682000160E0
4.602424929E0,9.682000160E0
4.607361015E0,9.715999603E0
4.612297169E0,9.696999550E0
4.617233939E0,9.701999664E0
4.622170472E0,9.715999603E0
4.627106857E0,9.682000160E0
4.632042703E0,9.682000160E0
4.636978703E0,9.715999603E0
4.641915318E0,9.715999603E0
4.646851780E0,9.715999603E0
4.651788761E0,9.682000160E0
4.656724992E0,9.696999550E0
4.661661145E0,9.682000160E0
4.666597554E0,9.711000443E0
4.671533939E0,9.696999550E0
4.676470400E0,9.711000443E0
4.681407650E0,9.696999550E0
4.686345035E0,9.715999603E0
4.691282035E0,9.682000160E0
4.696219045E0,9.696999550E0
4.701155891E0,9.715999603E0
4.706093506E0,9.701999664E0
4.711030506E0,9.682000160E0
4.715967276E0,9.682000160E0
4.720903891E0,9.682000160E0
4.725840448E0,9.682000160E0
4.730776141E0,9.715999603E0
4.735712218E0,9.682000160E0
4.740647136E0,9.696999550E0
4.745582213E0,9.696999550E0
4.750518059E0,9.696999550E0
4.755453756E0,9.715999603E0
4.760389679E0,9.682000160E0
4.765325295E0,9.682000160E0
4.770262073E0,9.696999550E0
4.775198534E0,9.696999550E0
4.780134304E0,9.682000160E0
4.785070044E0,9.682000160E0
4.790005813E0,9.682000160E0
4.794942275E0,9.696999550E0
4.799878117E0,9.696999550E0
4.804815117E0,9.682000160E0
4.809751271E0,9.696999550E0
4.814687030E0,9.696999550E0
4.819622722E0,9.711000443E0
4.824559338E0,9.711000443E0
4.829496039E0,9.696999550E0
4.834432808E0,9.682000160E0
4.839370347E0,9.678000450E0
4.844306640E0,9.682000160E0
4.849242794E0,9.682000160E0
4.854178179E0,9.696999550E0
4.859113578E0,9.682000160E0
4.864048885E0,9.682000160E0
4.868984424E0,9.682000160E0
4.873921131E0,9.682000160E0
4.878857900E0,9.715999603E0
4.883793054E0,9.715999603E0
4.888728847E0,9.682000160E0
4.893664694E0,9.682000160E0
4.898600386E0,9.715999603E0
4.903536607E0,9.682000160E0
4.908473299E0,9.682000160E0
4.913409607E0,9.682000160E0
4.918346131E0,9.682000160E0
4.923282439E0,9.682000160E0
4.928218131E0,9.715999603E0
4.933154511E0,9.682000160E0
4.938090357E0,9.682000160E0
4.943026588E0,9.715999603E0
4.947962198E0,9.682000160E0
4.952897737E0,9.701999664E0
4.957832967E0,9.715999603E0
4.962768795E0,9.696999550E0
4.967705256E0,9.682000160E0
4.972641641E0,9.696999550E0
4.977577953E0,9.711000443E0
4.982513415E0,9.696999550E0
4.987448492E0,9.682000160E0
4.992383472E0,9.701999664E0
4.997317626E0,9.715999603E0
5.002252626E0,9.696999550E0
5.007188102E0,9.696999550E0
5.012123872E0,9.682000160E0
5.017059333E0,9.715999603E0
5.021994410E0,9.682000160E0
5.026929487E0,9.715999603E0
5.031864487E0,9.715999603E0
5.036799496E0,9.682000160E0
5.041734419E0,9.682000160E0
5.046668881E0,9.696999550E0
5.051604184E0,9.682000160E0
5.056539031E0,9.696999550E0
5.061474415E0,9.682000160E0
5.066410631E0,9.682000160E0
5.071346554E0,9.696999550E0
5.076281631E0,9.682000160E0
5.081217007E0,9.682000160E0
5.086153007E0,9.696999550E0
5.091088237E0,9.711000443E0
5.096023371E0,9.715999603E0
5.100957910E0,9.682000160E0
5.105893525E0,9.696999550E0
5.110829261E0,9.696999550E0
5.115764492E0,9.682000160E0
5.120700031E0,9.682000160E0
5.125635103E0,9.682000160E0
5.130569410E0,9.696999550E0
5.135504410E0,9.682000160E0
5.140439804E0,9.715999603E0
5.145375881E0,9.682000160E0
5.150311342E0,9.682000160E0
5.155247189E0,9.687000275E0
5.160182650E0,9.715999603E0
5.165117804E0,9.715999603E0
5.170054165E0,9.715999603E0
5.174990011E0,9.696999550E0
5.179926472E0,9.715999603E0
5.184862030E0,9.715999603E0
5.189797491E0,9.682000160E0
5.194732030E0,9.682000160E0
5.199667092E0,9.682000160E0
5.204602553E0,9.715999603E0
5.209538169E0,9.682000160E0
5.214474481E0,9.682000160E0
5.219410404E0,9.715999603E0
5.224345558E0,9.682000160E0
5.229281174E0,9.682000160E0
5.234216789E0,9.696999550E0
5.239153174E0,9.696999550E0
5.244089304E0,9.696999550E0
5.249025688E0,9.682000160E0
5.253962457E0,9.715999603E0
5.258897933E0,9.682000160E0
5.263834010E0,9.715999603E0
5.268770010E0,9.682000160E0
5.273705784E0,9.682000160E0
5.278641630E0,9.682000160E0
5.283577246E0,9.682000160E0
5.288512337E0,9.715999603E0
5.293448029E0,9.715999603E0
5.298384260E0,9.696999550E0
5.303320015E0,9.682000160E0
5.308255938E0,9.682000160E0
5.313192169E0,9.715999603E0
5.318127947E0,9.682000160E0
5.323064101E0,9.682000160E0
5.327999409E0,9.696999550E0
5.332933870E0,9.682000160E0
5.337868563E0,9.682000160E0
5.342803332E0,9.696999550E0
5.347738347E0,9.682000160E0
5.352673424E0,9.682000160E0
5.357608808E0,9.715999603E0
5.362543428E0,9.715999603E0
5.367478582E0,9.696999550E0
5.372413812E0,9.711000443E0
5.377348125E0,9.696999550E0
5.382282587E0,9.696999550E0
5.387217971E0,9.682000160E0
5.392152986E0,9.682000160E0
5.397087679E0,9.696999550E0
5.402023602E0,9.682000160E0
5.406959308E0,9.682000160E0
5.411895923E0,9.696999550E0
5.416831770E0,9.682000160E0
5.421768524E0,9.682000160E0
5.426705601E0,9.682000160E0
5.431641909E0,9.682000160E0
5.436577617E0,9.701999664E0
5.441513848E0,9.696999550E0
5.446450617E0,9.682000160E0
5.451387083E0,9.696999550E0
5.456324160E0,9.682000160E0
5.461260160E0,9.696999550E0
5.466197376E0,9.696999550E0
5.471134530E0,9.682000160E0
5.476071761E0,9.696999550E0
5.481008530E0,9.682000160E0
5.485945376E0,9.682000160E0
5.490881838E0,9.682000160E0
5.495818064E0,9.696999550E0
5.500754217E0,9.696999550E0
5.505690064E0,9.682000160E0
5.510626121E0,9.715999603E0
5.515561660E0,9.715999603E0
5.520497429E0,9.682000160E0
5.525433511E0,9.682000160E0
5.530369050E0,9.701999664E0
5.535305434E0,9.696999550E0
5.540241833E0,9.715999603E0
5.545178294E0,9.682000160E0
5.550114756E0,9.715999603E0
5.555051050E0,9.682000160E0
5.559987511E0,9.715999603E0
5.564923819E0,9.682000160E0
5.569861328E0,9.696999550E0
5.574798636E0,9.682000160E0
5.579735559E0,9.696999550E0
5.584672544E0,9.678000450E0
5.589610313E0,9.711000443E0
5.594548006E0,9.696999550E0
5.599485439E0,9.711000443E0
5.604422055E0,9.711000443E0
5.609359208E0,9.711000443E0
5.614296429E0,9.696999550E0
5.619233506E0,9.715999603E0
5.624171045E0,9.682000160E0
5.629107804E0,9.682000160E0
5.634043189E0,9.682000160E0
5.638978727E0,9.682000160E0
5.643913669E0,9.715999603E0
5.648849054E0,9.715999603E0
5.653784361E0,9.682000160E0
5.658719127E0,9.696999550E0
5.663654357E0,9.696999550E0
5.668589742E0,9.715999603E0
5.673524665E0,9.701999664E0
5.678460896E0,9.701999664E0
5.683396973E0,9.715999603E0
5.688332122E0,9.682000160E0
5.693268583E0,9.715999603E0
5.698204122E0,9.715999603E0
5.703139280E0,9.715999603E0
5.708074433E0,9.715999603E0
5.713010280E0,9.682000160E0
5.717947131E0,9.682000160E0
5.722883669E0,9.678000450E0
5.727819362E0,9.696999550E0
5.732754809E0,9.711000443E0
5.737689732E0,9.696999550E0
5.742625655E0,9.715999603E0
5.747561425E0,9.682000160E0
5.752498117E0,9.682000160E0
5.757434655E0,9.696999550E0
5.762371352E0,9.682000160E0
5.767307121E0,9.682000160E0
5.772243890E0,9.682000160E0
5.777180449E0,9.701999664E0
5.782116218E0,9.696999550E0
5.787052833E0,9.682000160E0
5.791989160E0,9.696999550E0
5.796925314E0,9.715999603E0
5.801862006E0,9.682000160E0
5.806798574E0,9.696999550E0
5.811734958E0,9.715999603E0
5.816671958E0,9.682000160E0
5.821607890E0,9.682000160E0
5.826543660E0,9.696999550E0
5.831479890E0,9.682000160E0
5.836416299E0,9.682000160E0
5.841352684E0,9.682000160E0
5.846289222E0,9.696999550E0
5.851225991E0,9.696999550E0
5.856162761E0,9.696999550E0
5.861099530E0,9.711000443E0
5.866036294E0,9.696999550E0
5.870972756E0,9.682000160E0
5.875909910E0,9.696999550E0
5.880845963E0,9.696999550E0
5.885782347E0,9.696999550E0
5.890718501E0,9.682000160E0
5.895655338E0,9.696999550E0
5.900592107E0,9.682000160E0
5.905528107E0,9.682000160E0
5.910465471E0,9.682000160E0
5.915402240E0,9.682000160E0
5.920339010E0,9.682000160E0
5.925275082E0,9.682000160E0
5.930211082E0,9.682000160E0
5.935147313E0,9.715999603E0
5.940084178E0,9.682000160E0
5.945021178E0,9.696999550E0
5.949958486E0,9.715999603E0
5.954895558E0,9.682000160E0
5.959832635E0,9.715999603E0
5.964768789E0,9.682000160E0
5.969704179E0,9.682000160E0
5.974640332E0,9.682000160E0
5.979576255E0,9.682000160E0
5.984512044E0,9.682000160E0
5.989447582E0,9.696999550E0
5.994384198E0,9.682000160E0
5.999320967E0,9.696999550E0
6.004258121E0,9.696999550E0
6.009195102E0,9.696999550E0
6.014131486E0,9.711000443E0
6.019068025E0,9.696999550E0
6.024003774E0,9.696999550E0
6.028940466E0,9.696999550E0
6.033876620E0,9.682000160E0
6.038812563E0,9.682000160E0
6.043747486E0,9.696999550E0
6.048682871E0,9.715999603E0
6.053618721E0,9.682000160E0
6.058554952E0,9.682000160E0
6.063491644E0,9.682000160E0
6.068427933E0,9.696999550E0
6.073364779E0,9.701999664E0
6.078301471E0,9.682000160E0
6.083238005E0,9.682000160E0
6.088174313E0,9.682000160E0
6.093110313E0,9.682000160E0
6.098046154E0,9.682000160E0
6.102982154E0,9.682000160E0
6.107918231E0,9.696999550E0
6.112854697E0,9.682000160E0
6.117791005E0,9.696999550E0
6.122727697E0,9.682000160E0
6.127664164E0,9.682000160E0
6.132600779E0,9.696999550E0
6.137537625E0,9.696999550E0
6.142473650E0,9.711000443E0
6.147409497E0,9.682000160E0
6.152345266E0,9.682000160E0
6.157280967E0,9.682000160E0
6.162216660E0,9.696999550E0
6.167152736E0,9.682000160E0
6.172089045E0,9.715999603E0
6.177024891E0,9.682000160E0
6.181960891E0,9.682000160E0
6.186896665E0,9.715999603E0
6.191832126E0,9.715999603E0
6.196767742E0,9.696999550E0
6.201704982E0,9.682000160E0
6.206641521E0,9.696999550E0
6.211578136E0,9.715999603E0
6.216514112E0,9.682000160E0
6.221450112E0,9.682000160E0
6.226385958E0,9.682000160E0
6.231322554E0,9.682000160E0
6.236258708E0,9.682000160E0
6.241194631E0,9.696999550E0
6.246130530E0,9.682000160E0
6.251066376E0,9.678000450E0
6.256002607E0,9.696999550E0
6.260938497E0,9.682000160E0
6.265874189E0,9.696999550E0
6.270810112E0,9.696999550E0
6.275745708E0,9.715999603E0
6.280681554E0,9.682000160E0
6.285617631E0,9.682000160E0
6.290554015E0,9.715999603E0
6.295491400E0,9.682000160E0
6.300428323E0,9.715999603E0
6.305364877E0,9.682000160E0
6.310301030E0,9.682000160E0
6.315237338E0,9.682000160E0
6.320174030E0,9.715999603E0
6.325110492E0,9.682000160E0
6.330047338E0,9.696999550E0
6.334984328E0,9.696999550E0
6.339920174E0,9.696999550E0
6.344855636E0,9.696999550E0
6.349791337E0,9.682000160E0
6.354727722E0,9.711000443E0
6.359664568E0,9.682000160E0
6.364600665E0,9.682000160E0
6.369536665E0,9.696999550E0
6.374472963E0,9.696999550E0
6.379409270E0,9.711000443E0
6.384345809E0,9.678000450E0
6.389281876E0,9.682000160E0
6.394218337E0,9.696999550E0
6.399154876E0,9.696999550E0
6.404090693E0,9.696999550E0
6.409027001E0,9.682000160E0
6.413963155E0,9.682000160E0
6.418899785E0,9.682000160E0
6.423837400E0,9.696999550E0
6.428774016E0,9.682000160E0
6.433710242E0,9.682000160E0
6.438647242E0,9.682000160E0
6.443584088E0,9.715999603E0
6.448520539E0,9.715999603E0
6.453456539E0,9.696999550E0
6.458393155E0,9.682000160E0
6.463329400E0,9.682000160E0
6.468265247E0,9.682000160E0
6.473200631E0,9.682000160E0
6.478136886E0,9.682000160E0
6.483073271E0,9.696999550E0
6.488009271E0,9.682000160E0
6.492945386E0,9.715999603E0
6.497881924E0,9.682000160E0
6.502817001E0,9.682000160E0
6.507753377E0,9.682000160E0
6.512690684E0,9.711000443E0
6.517627530E0,9.696999550E0
6.522564473E0,9.696999550E0
6.527501242E0,9.682000160E0
6.532436780E0,9.682000160E0
6.537373343E0,9.696999550E0
6.542310727E0,9.682000160E0
6.547248650E0,9.696999550E0
6.552186194E0,9.682000160E0
6.557123040E0,9.682000160E0
6.562060271E0,9.682000160E0
6.566996295E0,9.715999603E0
6.571932064E0,9.715999603E0
6.576867987E0,9.715999603E0
6.581803588E0,9.715999603E0
6.586739049E0,9.682000160E0
6.591675588E0,9.715999603E0
6.596611866E0,9.696999550E0
6.601548789E0,9.682000160E0
6.606485712E0,9.682000160E0
6.611421712E0,9.682000160E0
6.616357713E0,9.682000160E0
6.621294256E0,9.696999550E0
6.626231025E0,9.696999550E0
6.631167025E0,9.696999550E0
6.636103059E0,9.696999550E0
6.641039521E0,9.696999550E0
6.645975829E0,9.696999550E0
6.650911876E0,9.696999550E0
6.655847723E0,9.696999550E0
6.660783646E0,9.682000160E0
6.665718804E0,9.696999550E0
6.670655111E0,9.696999550E0
6.675591034E0,9.682000160E0
6.680527145E0,9.715999603E0
6.685463991E0,9.715999603E0
6.690400915E0,9.682000160E0
6.695337145E0,9.682000160E0
6.700273684E0,9.715999603E0
6.705209607E0,9.715999603E0
6.710146684E0,9.682000160E0
6.715083299E0,9.682000160E0
6.720020376E0,9.682000160E0
6.724957317E0,9.715999603E0
6.729894471E0,9.682000160E0
6.734831394E0,9.696999550E0
6.739767567E0,9.715999603E0
6.744704106E0,9.682000160E0
6.749640182E0,9.682000160E0
6.754577074E0,9.682000160E0
6.759514304E0,9.696999550E0
6.764451535E0,9.715999603E0
6.769388116E0,9.696999550E0
6.774323809E0,9.696999550E0
6.779259578E0,9.711000443E0
6.784195098E0,9.696999550E0
6.789131713E0,9.696999550E0
6.794067713E0,9.696999550E0
6.799003098E0,9.682000160E0
6.803939251E0,9.696999550E0
6.808876131E0,9.682000160E0
6.813812438E0,9.682000160E0
6.818749054E0,9.696999550E0
6.823686223E0,9.682000160E0
6.828622992E0,9.682000160E0
6.833558684E0,9.682000160E0
6.838493842E0,9.696999550E0
6.843429919E0,9.696999550E0
6.848365457E0,9.682000160E0
6.853301069E0,9.696999550E0
6.858236607E0,9.682000160E0
6.863172838E0,9.682000160E0
6.868109064E0,9.715999603E0
6.873045602E0,9.682000160E0
6.877981756E0,9.682000160E0
6.882917722E0,9.715999603E0
6.887854030E0,9.682000160E0
6.892790953E0,9.711000443E0
6.897728107E0,9.696999550E0
6.902665107E0,9.682000160E0
6.907602184E0,9.682000160E0
6.912538934E0,9.682000160E0
6.917475472E0,9.696999550E0
6.922411703E0,9.682000160E0
6.927348227E0,9.696999550E0
6.932284073E0,9.696999550E0
6.937219765E0,9.682000160E0
6.942155573E0,9.682000160E0
6.947091958E0,9.682000160E0
6.952027573E0,9.696999550E0
6.956963112E0,9.682000160E0
6.961899343E0,9.715999603E0
6.966835573E0,9.715999603E0
6.971771102E0,9.682000160E0
6.976706563E0,9.682000160E0
6.981642487E0,9.682000160E0
6.986578300E0,9.682000160E0
6.991513992E0,9.696999550E0
6.996449992E0,9.696999550E0
7.001385698E0,9.682000160E0
7.006321698E0,9.682000160E0
7.011256852E0,9.696999550E0
7.016191794E0,9.682000160E0
7.021127102E0,9.682000160E0
7.026062487E0,9.682000160E0
7.030998352E0,9.682000160E0
7.035934275E0,9.682000160E0
7.040869660E0,9.682000160E0
7.045805550E0,9.682000160E0
7.050741780E0,9.715999603E0
7.055677780E0,9.682000160E0
7.060613703E0,9.696999550E0
7.065550011E0,9.696999550E0
7.070486011E0,9.682000160E0
7.075422679E0,9.715999603E0
7.080358217E0,9.682000160E0
7.085294140E0,9.682000160E0
7.090229851E0,9.682000160E0
7.095165698E0,9.715999603E0
7.100101005E0,9.715999603E0
7.105036212E0,9.701999664E0
7.109971981E0,9.715999603E0
7.114907981E0,9.682000160E0
7.119845169E0,9.682000160E0
7.124782323E0,9.682000160E0
7.129719631E0,9.682000160E0
7.134656785E0,9.715999603E0
7.139593631E0,9.715999603E0
7.144530862E0,9.715999603E0
7.149468785E0,9.696999550E0
7.154406092E0,9.696999550E0
7.159342785E0,9.696999550E0
7.164279727E0,9.696999550E0
7.169215804E0,9.715999603E0
7.174152573E0,9.696999550E0
7.179088428E0,9.696999550E0
7.184023428E0,9.696999550E0
7.188958890E0,9.696999550E0
7.193894582E0,9.682000160E0
7.198829813E0,9.682000160E0
7.203764813E0,9.682000160E0
7.208699890E0,9.682000160E0
7.213635197E0,9.682000160E0
7.218570274E0,9.682000160E0
7.223506001E0,9.701999664E0
7.228441924E0,9.715999603E0
7.233377539E0,9.682000160E0
7.238313389E0,9.682000160E0
7.243249466E0,9.682000160E0
7.248186082E0,9.682000160E0
7.253123226E0,9.696999550E0
7.258058919E0,9.682000160E0
7.262994611E0,9.696999550E0
7.267930515E0,9.682000160E0
7.272867284E0,9.682000160E0
7.277802438E0,9.715999603E0
7.282738298E0,9.682000160E0
7.287674760E0,9.696999550E0
7.292610760E0,9.715999603E0
7.297547423E0,9.682000160E0
7.302483577E0,9.682000160E0
7.307419654E0,9.682000160E0
7.312355059E0,9.696999550E0
7.317290982E0,9.696999550E0
7.322226828E0,9.682000160E0
7.327162122E0,9.715999603E0
7.332097276E0,9.696999550E0
7.337033122E0,9.696999550E0
7.341968987E0,9.715999603E0
7.346904372E0,9.715999603E0
7.351840372E0,9.715999603E0
7.356775857E0,9.682000160E0
7.361712396E0,9.682000160E0
7.366648319E0,9.715999603E0
7.371585252E0,9.682000160E0
7.376522329E0,9.682000160E0
7.381459175E0,9.696999550E0
7.386395040E0,9.682000160E0
7.391331579E0,9.696999550E0
7.396268348E0,9.696999550E0
7.401204040E0,9.696999550E0
7.406139655E0,9.696999550E0
7.411074655E0,9.682000160E0
7.416010420E0,9.696999550E0
7.420946651E0,9.696999550E0
7.425883727E0,9.682000160E0
7.430820189E0,9.682000160E0
7.435756420E0,9.682000160E0
7.440692420E0,9.696999550E0
7.445628329E0,9.682000160E0
7.450564483E0,9.682000160E0
7.455500329E0,9.696999550E0
7.460436040E0,9.682000160E0
7.465371886E0,9.682000160E0
7.470307886E0,9.696999550E0
7.475243247E0,9.715999603E0
7.480179555E0,9.715999603E0
7.485116093E0,9.715999603E0
7.490051866E0,9.715999603E0
7.494987790E0,9.701999664E0
7.499924405E0,9.682000160E0
7.504860866E0,9.682000160E0
7.509797174E0,9.682000160E0
7.514733405E0,9.682000160E0
7.519670328E0,9.682000160E0
7.524606559E0,9.682000160E0
7.529542405E0,9.711000443E0
7.534478569E0,9.696999550E0
7.539414877E0,9.715999603E0
7.544351184E0,9.696999550E0
7.549287112E0,9.696999550E0
7.554223805E0,9.682000160E0
7.559160420E0,9.711000443E0
7.564097415E0,9.696999550E0
7.569034184E0,9.696999550E0
7.573971107E0,9.696999550E0
7.578908266E0,9.715999603E0
7.583844959E0,9.696999550E0
7.588780343E0,9.696999550E0
7.593716636E0,9.696999550E0
7.598653251E0,9.682000160E0
7.603589097E0,9.715999603E0
7.608526092E0,9.682000160E0
7.613462016E0,9.682000160E0
7.618397631E0,9.715999603E0
7.623333785E0,9.682000160E0
7.628268939E0,9.715999603E0
7.633204400E0,9.701999664E0
7.638139857E0,9.715999603E0
7.643075857E0,9.682000160E0
7.648011472E0,9.682000160E0
7.652947520E0,9.682000160E0
7.657882982E0,9.682000160E0
7.662818905E0,9.682000160E0
7.667755213E0,9.682000160E0
7.672691751E0,9.715999603E0
7.677628059E0,9.682000160E0
7.682564443E0,9.682000160E0
7.687500674E0,9.715999603E0
7.692437213E0,9.682000160E0
7.697373982E0,9.682000160E0
7.702310290E0,9.696999550E0
7.707246366E0,9.715999603E0
7.712182602E0,9.682000160E0
7.717119295E0,9.696999550E0
7.722056218E0,9.682000160E0
7.726993069E0,9.682000160E0
7.731929607E0,9.696999550E0
7.736866223E0,9.696999550E0
7.741802684E0,9.682000160E0
7.746738761E0,9.682000160E0
7.751675069E0,9.696999550E0
7.756610992E0,9.682000160E0
7.761547069E0,9.696999550E0
7.766483300E0,9.682000160E0
7.771418919E0,9.682000160E0
7.776355535E0,9.682000160E0
7.781291611E0,9.682000160E0
7.786226952E0,9.696999550E0
7.791163798E0,9.696999550E0
7.796099644E0,9.715999603E0
7.801034716E0,9.715999603E0
7.805969947E0,9.715999603E0
7.810905486E0,9.715999603E0
7.815841178E0,9.682000160E0
7.820776563E0,9.682000160E0
7.825712563E0,9.715999603E0
7.830647947E0,9.715999603E0
7.835583793E0,9.682000160E0
7.840519024E0,9.682000160E0
7.845454851E0,9.682000160E0
7.850390390E0,9.701999664E0
7.855326928E0,9.682000160E0
7.860264534E0,9.682000160E0
7.865201534E0,9.682000160E0
7.870138303E0,9.701999664E0
7.875075294E0,9.715999603E0
7.880011909E0,9.715999603E0
7.884948679E0,9.682000160E0
7.889885298E0,9.696999550E0
7.894822529E0,9.696999550E0
7.899759683E0,9.682000160E0
7.904696889E0,9.711000443E0
7.909634120E0,9.682000160E0
7.914571274E0,9.711000443E0
7.919507904E0,9.696999550E0
7.924444674E0,9.682000160E0
7.929382366E0,9.711000443E0
7.934318899E0,9.696999550E0
7.939255361E0,9.696999550E0
7.944192592E0,9.678000450E0
7.949129823E0,9.696999550E0
7.954067207E0,9.696999550E0
7.959003746E0,9.715999603E0
7.963939707E0,9.715999603E0
7.968875784E0,9.715999603E0
7.973812529E0,9.687000275E0
7.978748760E0,9.682000160E0
7.983685298E0,9.715999603E0
7.988621913E0,9.687000275E0
7.993559452E0,9.715999603E0
7.998497452E0,9.715999603E0
8.003435149E0,9.682000160E0
8.008372919E0,9.715999603E0
8.013310842E0,9.715999603E0
8.018248901E0,9.715999603E0
8.023185670E0,9.696999550E0
8.028122285E0,9.715999603E0
8.033059655E0,9.701999664E0
8.037996963E0,9.682000160E0
8.042934732E0,9.696999550E0
8.047872183E0,9.682000160E0
8.052810183E0,9.715999603E0
8.057748260E0,9.682000160E0
8.062684872E0,9.682000160E0
8.067622487E0,9.696999550E0
8.072559872E0,9.696999550E0
8.077497482E0,9.711000443E0
8.082435021E0,9.682000160E0
8.087371867E0,9.682000160E0
8.092308934E0,9.715999603E0
8.097246011E0,9.696999550E0
8.102183011E0,9.678000450E0
8.107120486E0,9.682000160E0
8.112058563E0,9.682000160E0
8.116996332E0,9.682000160E0
8.121933303E0,9.715999603E0
8.126871073E0,9.682000160E0
8.131809303E0,9.682000160E0
8.136747477E0,9.682000160E0
8.141684400E0,9.682000160E0
8.146620708E0,9.701999664E0
8.151557400E0,9.687000275E0
8.156495016E0,9.682000160E0
8.161432708E0,9.696999550E0
8.166370319E0,9.682000160E0
8.171307703E0,9.682000160E0
8.176244934E0,9.696999550E0
8.181181419E0,9.696999550E0
8.186118804E0,9.696999550E0
8.191056881E0,9.696999550E0
8.195994664E0,9.696999550E0
8.200932433E0,9.696999550E0
8.205870679E0,9.696999550E0
8.210808295E0,9.696999550E0
8.215746448E0,9.711000443E0
8.220684151E0,9.715999603E0
8.225621151E0,9.715999603E0
8.230557074E0,9.696999550E0
8.235493713E0,9.682000160E0
8.240430636E0,9.682000160E0
8.245367867E0,9.696999550E0
8.250304847E0,9.715999603E0
8.255242539E0,9.715999603E0
8.260180770E0,9.682000160E0
8.265118237E0,9.682000160E0
8.270056698E0,9.682000160E0
8.274994621E0,9.682000160E0
8.279932934E0,9.682000160E0
8.284870934E0,9.715999603E0
8.289808857E0,9.696999550E0
8.294746703E0,9.715999603E0
8.299684703E0,9.715999603E0
8.304622242E0,9.682000160E0
8.309559953E0,9.696999550E0
8.314496799E0,9.682000160E0
8.319434261E0,9.715999603E0
8.324371762E0,9.682000160E0
8.329308069E0,9.715999603E0
8.334244531E0,9.682000160E0
8.339181502E0,9.682000160E0
8.344117733E0,9.682000160E0
8.349053963E0,9.715999603E0
8.353990045E0,9.682000160E0
8.358925738E0,9.696999550E0
8.363862199E0,9.696999550E0
8.368798560E0,9.696999550E0
8.373735021E0,9.696999550E0
8.378672098E0,9.678000450E0
8.383609030E0,9.696999550E0
8.388545953E0,9.682000160E0
8.393482953E0,9.682000160E0
8.398420266E0,9.682000160E0
8.403357574E0,9.715999603E0
8.408295107E0,9.682000160E0
8.413232954E0,9.715999603E0
8.418170338E0,9.701999664E0
8.423107704E0,9.696999550E0
8.428044935E0,9.682000160E0
8.432981165E0,9.682000160E0
8.437918189E0,9.682000160E0
8.442855574E0,9.682000160E0
8.447792266E0,9.682000160E0
8.452729232E0,9.696999550E0
8.457666386E0,9.682000160E0
8.462603155E0,9.682000160E0
8.467539468E0,9.696999550E0
8.472475237E0,9.696999550E0
8.477410853E0,9.696999550E0
8.482346462E0,9.711000443E0
8.487282001E0,9.682000160E0
8.492217847E0,9.715999603E0
8.497153819E0,9.682000160E0
8.502089434E0,9.682000160E0
8.507026050E0,9.715999603E0
8.511962203E0,9.696999550E0
8.516899204E0,9.696999550E0
8.521835973E0,9.696999550E0
8.526772804E0,9.696999550E0
8.531709804E0,9.682000160E0
8.536646496E0,9.696999550E0
8.541583496E0,9.696999550E0
8.546519958E0,9.682000160E0
8.551456266E0,9.682000160E0
8.556392785E0,9.715999603E0
8.561329093E0,9.682000160E0
8.566265477E0,9.682000160E0
8.571201655E0,9.682000160E0
8.576138194E0,9.682000160E0
8.581075194E0,9.682000160E0
8.586011670E0,9.682000160E0
8.590948516E0,9.682000160E0
8.595885670E0,9.682000160E0
8.600822232E0,9.715999603E0
8.605758847E0,9.682000160E0
8.610695001E0,9.682000160E0
8.615630992E0,9.682000160E0
8.620566761E0,9.715999603E0
8.625502915E0,9.715999603E0
8.630438496E0,9.715999603E0
8.635374958E0,9.682000160E0
8.640310958E0,9.715999603E0
8.645246877E0,9.715999603E0
8.650182800E0,9.682000160E0
8.655118800E0,9.682000160E0
8.660055536E0,9.682000160E0
8.664992074E0,9.682000160E0
8.669928305E0,9.682000160E0
8.674864305E0,9.682000160E0
8.679800305E0,9.696999550E0
8.684737305E0,9.682000160E0
8.689672948E0,9.682000160E0
8.694609487E0,9.696999550E0
8.699545179E0,9.696999550E0
8.704481386E0,9.682000160E0
8.709417770E0,9.696999550E0
8.714353770E0,9.696999550E0
8.719290145E0,9.682000160E0
8.724226376E0,9.715999603E0
8.729162530E0,9.715999603E0
8.734098803E0,9.682000160E0
8.739035342E0,9.682000160E0
8.743971573E0,9.682000160E0
8.748908270E0,9.682000160E0
8.753844962E0,9.682000160E0
8.758781424E0,9.715999603E0
8.763718890E0,9.682000160E0
8.768655967E0,9.682000160E0
8.773592583E0,9.682000160E0
8.778528942E0,9.682000160E0
8.783465327E0,9.682000160E0
8.788401942E0,9.696999550E0
8.793339149E0,9.682000160E0
8.798276072E0,9.682000160E0
8.803212534E0,9.682000160E0
8.808149674E0,9.696999550E0
8.813086443E0,9.682000160E0
8.818022981E0,9.682000160E0
8.822960130E0,9.682000160E0
8.827897592E0,9.701999664E0
8.832834592E0,9.682000160E0
8.837771510E0,9.715999603E0
8.842708356E0,9.715999603E0
8.847644741E0,9.715999603E0
8.852580664E0,9.682000160E0
8.857517202E0,9.682000160E0
8.862453741E0,9.715999603E0
8.867390549E0,9.682000160E0
8.872327472E0,9.696999550E0
8.877264241E0,9.715999603E0
8.882201097E0,9.715999603E0
8.887138558E0,9.682000160E0
8.892075712E0,9.682000160E0
8.897012775E0,9.682000160E0
8.901950006E0,9.696999550E0
8.906887621E0,9.682000160E0
8.911824683E0,9.696999550E0
8.916761298E0,9.682000160E0
8.921698606E0,9.682000160E0
8.926636529E0,9.696999550E0
8.931573298E0,9.682000160E0
8.936510298E0,9.678000450E0
8.941446611E0,9.682000160E0
8.946382765E0,9.682000160E0
8.951318765E0,9.696999550E0
8.956255165E0,9.696999550E0
8.961192318E0,9.696999550E0
8.966128857E0,9.682000160E0
8.971065646E0,9.696999550E0
8.976002877E0,9.696999550E0
8.980939492E0,9.711000443E0
8.985876031E0,9.682000160E0
8.990812877E0,9.715999603E0
8.995749492E0,9.715999603E0
9.000685896E0,9.715999603E0
9.005622665E0,9.682000160E0
9.010559742E0,9.715999603E0
9.015496535E0,9.715999603E0
9.020433074E0,9.715999603E0
9.025369920E0,9.715999603E0
9.030306712E0,9.682000160E0
9.035243020E0,9.687000275E0
9.040179405E0,9.696999550E0
9.045115856E0,9.711000443E0
9.050052164E0,9.715999603E0
9.054989549E0,9.715999603E0
9.059927300E0,9.682000160E0
9.064864300E0,9.682000160E0
9.069800915E0,9.696999550E0
9.074737819E0,9.678000450E0
9.079674665E0,9.696999550E0
9.084610665E0,9.696999550E0
9.089547059E0,9.711000443E0
9.094483367E0,9.682000160E0
9.099419059E0,9.682000160E0
9.104355362E0,9.682000160E0
9.109291285E0,9.682000160E0
9.114227439E0,9.711000443E0
9.119164641E0,9.696999550E0
9.124102102E0,9.682000160E0
9.129039333E0,9.701999664E0
9.133976656E0,9.696999550E0
9.138913886E0,9.682000160E0
9.143850809E0,9.682000160E0
9.148787333E0,9.715999603E0
9.153723718E0,9.715999603E0
9.158660641E0,9.682000160E0
9.163596866E0,9.715999603E0
9.168533943E0,9.682000160E0
9.173470482E0,9.682000160E0
9.178408039E0,9.715999603E0
9.183345039E0,9.682000160E0
9.188281809E0,9.682000160E0
9.193218891E0,9.682000160E0
9.198156198E0,9.682000160E0
9.203092737E0,9.715999603E0
9.208029405E0,9.711000443E0
9.212965867E0,9.682000160E0
9.217902405E0,9.715999603E0
9.222839256E0,9.682000160E0
9.227775872E0,9.715999603E0
9.232713102E0,9.715999603E0
9.237649424E0,9.696999550E0
9.242586116E0,9.682000160E0
9.247523347E0,9.682000160E0
9.252460809E0,9.696999550E0
9.257397732E0,9.682000160E0
9.262334270E0,9.696999550E0
9.267270809E0,9.715999603E0
9.272206963E0,9.715999603E0
9.277142963E0,9.715999603E0
9.282079135E0,9.682000160E0
9.287015289E0,9.682000160E0
9.291952674E0,9.715999603E0
9.296889679E0,9.682000160E0
9.301827217E0,9.682000160E0
9.306764371E0,9.682000160E0
9.311701165E0,9.715999603E0
9.316638934E0,9.682000160E0
9.321576088E0,9.696999550E0
9.326512684E0,9.682000160E0
9.331449453E0,9.682000160E0
9.336385992E0,9.682000160E0
9.341322684E0,9.682000160E0
9.346258761E0,9.682000160E0
9.351194761E0,9.715999603E0
9.356130944E0,9.682000160E0
9.361067329E0,9.696999550E0
9.366003252E0,9.682000160E0
9.370938698E0,9.715999603E0
9.375874852E0,9.696999550E0
9.380810467E0,9.682000160E0
9.385746410E0,9.715999603E0
9.390682026E0,9.696999550E0
9.395617795E0,9.682000160E0
9.400553011E0,9.715999603E0
9.405488626E0,9.715999603E0
9.410425165E0,9.715999603E0
9.415361756E0,9.682000160E0
9.420297372E0,9.682000160E0
9.425232987E0,9.715999603E0
9.430169156E0,9.682000160E0
9.435104540E0,9.696999550E0
9.440040464E0,9.682000160E0
9.444976544E0,9.696999550E0
9.449912852E0,9.682000160E0
9.454848006E0,9.696999550E0
9.459783329E0,9.682000160E0
9.464719252E0,9.715999603E0
9.469654560E0,9.682000160E0
9.474590386E0,9.682000160E0
9.479526770E0,9.696999550E0
9.484462924E0,9.682000160E0
9.489398756E0,9.682000160E0
9.494334372E0,9.715999603E0
9.499269987E0,9.682000160E0
9.504205819E0,9.696999550E0
9.509142358E0,9.682000160E0
9.514079050E0,9.715999603E0
9.519015766E0,9.701999664E0
9.523951997E0,9.715999603E0
9.528888536E0,9.715999603E0
9.533824992E0,9.682000160E0
9.538761300E0,9.682000160E0
9.543696992E0,9.715999603E0
9.548632280E0,9.682000160E0
9.553568511E0,9.715999603E0
9.558505049E0,9.696999550E0
9.563441271E0,9.682000160E0
9.568377579E0,9.696999550E0
9.573314256E0,9.682000160E0
9.578251179E0,9.678000450E0
9.583188102E0,9.696999550E0
9.588125266E0,9.696999550E0
9.593061728E0,9.715999603E0
9.597997958E0,9.711000443E0
9.602934271E0,9.682000160E0
9.607870579E0,9.682000160E0
9.612806579E0,9.696999550E0
9.617743266E0,9.696999550E0
9.622680112E0,9.696999550E0
9.627617035E0,9.715999603E0
9.632552747E0,9.682000160E0
9.637488824E0,9.715999603E0
9.642425516E0,9.682000160E0
9.647361367E0,9.715999603E0
9.652297752E0,9.715999603E0
9.657234059E0,9.715999603E0
9.662170101E0,9.682000160E0
9.667106332E0,9.715999603E0
9.672043178E0,9.715999603E0
9.676980294E0,9.715999603E0
9.681917525E0,9.696999550E0
9.686854294E0,9.682000160E0
9.691790332E0,9.682000160E0
9.696726332E0,9.682000160E0
9.697713717E0,9.682000160E0
9.701885866E0,9.711000443E0
9.706822789E0,9.696999550E0
9.711759327E0,9.696999550E0
9.716694962E0,9.696999550E0
9.721629269E0,9.711000443E0
9.726564885E0,9.711000443E0
9.731501496E0,9.715999603E0
9.736437650E0,9.696999550E0
9.741373188E0,9.711000443E0
9.746309010E0,9.682000160E0
9.751245471E0,9.682000160E0
9.756181702E0,9.711000443E0
9.761118025E0,9.682000160E0
9.766054178E0,9.715999603E0
9.770990409E0,9.715999603E0
9.775926510E0,9.715999603E0
9.780861972E0,9.715999603E0
9.785797279E0,9.682000160E0
9.790732635E0,9.687000275E0
9.795667866E0,9.715999603E0
9.800603020E0,9.715999603E0
9.805539179E0,9.715999603E0
9.810475486E0,9.715999603E0
9.815411332E0,9.715999603E0
9.820347025E0,9.715999603E0
9.825282486E0,9.715999603E0
9.830217486E0,9.682000160E0
9.835153649E0,9.682000160E0
9.840089418E0,9.682000160E0
9.845026265E0,9.696999550E0
9.849961490E0,9.682000160E0
9.854896952E0,9.696999550E0
9.859832875E0,9.696999550E0
9.864769476E0,9.696999550E0
9.869706169E0,9.682000160E0
9.874642092E0,9.682000160E0
9.879578419E0,9.682000160E0
9.884515265E0,9.682000160E0
9.889451495E0,9.696999550E0
9.894387281E0,9.715999603E0
9.899323588E0,9.696999550E0
9.904259819E0,9.696999550E0
9.909196555E0,9.682000160E0
9.914132555E0,9.682000160E0
9.919068401E0,9.715999603E0
9.924005165E0,9.682000160E0
9.928942319E0,9.715999603E0
9.933878780E0,9.682000160E0
9.938815338E0,9.682000160E0
9.943751646E0,9.715999603E0
9.948687876E0,9.682000160E0
9.953624030E0,9.682000160E0
9.958559646E0,9.682000160E0
9.963495261E0,9.696999550E0
9.968430972E0,9.682000160E0
9.973366588E0,9.696999550E0
9.978302126E0,9.715999603E0
9.983237747E0,9.682000160E0
9.988172516E0,9.696999550E0
9.993107670E0,9.696999550E0
9.998043598E0,9.682000160E0
1.000297944E1,9.715999603E0
1.000791473E1,9.682000160E0
1.001284950E1,9.696999550E0
1.001778496E1,9.715999603E0
1.002272048E1,9.682000160E0
1.002765578E1,9.682000160E0
1.003259202E1,9.715999603E0
1.003752802E1,9.682000160E0
1.004246402E1,9.696999550E0
1.004739956E1,9.696999550E0
1.005233530E1,9.715999603E0
1.005727138E1,9.715999603E0
1.006220776E1,9.696999550E0
1.006714440E1,9.682000160E0
1.007208086E1,9.682000160E0
1.007701678E1,9.701999664E0
1.008195267E1,9.687000275E0
1.008688828E1,9.682000160E0
1.009182367E1,9.715999603E0
1.009675860E1,9.715999603E0
1.010169491E1,9.715999603E0
1.010663014E1,9.682000160E0
1.011156573E1,9.682000160E0
1.011650096E1,9.696999550E0
1.012143650E1,9.696999550E0
1.012637188E1,9.682000160E0
1.013130803E1,9.682000160E0
1.013624388E1,9.682000160E0
1.014117948E1,9.682000160E0
1.014611524E1,9.711000443E0
1.015105140E1,9.701999664E0
1.015598729E1,9.682000160E0
1.016092283E1,9.682000160E0
1.016585806E1,9.715999603E0
1.017079259E1,9.696999550E0
1.017572705E1,9.715999603E0
1.018066221E1,9.682000160E0
1.018559720E1,9.696999550E0
1.019053266E1,9.715999603E0
1.019546728E1,9.696999550E0
1.020040221E1,9.682000160E0
1.020533729E1,9.682000160E0
1.021027252E1,9.715999603E0
1.021520827E1,9.715999603E0
1.022014412E1,9.711000443E0
1.022508058E1,9.678000450E0
1.023001655E1,9.696999550E0
1.023495217E1,9.682000160E0
1.023988686E1,9.696999550E0
1.024482187E1,9.696999550E0
1.024975725E1,9.682000160E0
1.025469279E1,9.682000160E0
1.025962802E1,9.682000160E0
1.026456363E1,9.682000160E0
1.026949878E1,9.715999603E0
1.027443425E1,9.682000160E0
1.027936933E1,9.696999550E0
1.028430456E1,9.715999603E0
1.028923955E1,9.701999664E0
1.029417532E1,9.687000275E0
1.029911062E1,9.682000160E0
1.030404643E1,9.682000160E0
1.030898113E1,9.682000160E0
1.031391597E1,9.715999603E0
1.031885155E1,9.715999603E0
1.032378693E1,9.715999603E0
1.032872224E1,9.715999603E0
1.033365715E1,9.715999603E0
1.033859154E1,9.682000160E0
1.034352638E1,9.682000160E0
1.034846099E1,9.715999603E0
1.035339591E1,9.682000160E0
1.035833076E1,9.696999550E0
1.036326606E1,9.682000160E0
1.036820137E1,9.682000160E0
1.037313699E1,9.682000160E0
1.037807244E1,9.711000443E0
1.038300744E1,9.696999550E0
1.038794237E1,9.682000160E0
1.039287750E1,9.682000160E0
1.039781173E1,9.715999603E0
1.040274673E1,9.682000160E0
1.040768234E1,9.682000160E0
1.041261772E1,9.682000160E0
1.041755364E1,9.701999664E0
1.042248949E1,9.715999603E0
1.042742487E1,9.715999603E0
1.043235995E1,9.715999603E0
1.043729553E1,9.687000275E0
1.044223122E1,9.701999664E0
1.044716599E1,9.682000160E0
1.045210126E1,9.696999550E0
1.045703711E1,9.701999664E0
1.046197303E1,9.715999603E0
1.046690880E1,9.682000160E0
1.047184465E1,9.696999550E0
1.047677996E1,9.682000160E0
1.048171520E1,9.696999550E0
1.048665158E1,9.682000160E0
1.049158843E1,9.678000450E0
1.049652474E1,9.696999550E0
1.050146074E1,9.678000450E0
1.050639643E1,9.711000443E0
1.051133236E1,9.711000443E0
1.051626874E1,9.715999603E0
1.052120497E1,9.682000160E0
1.052614123E1,9.682000160E0
1.053107769E1,9.696999550E0
1.053601384E1,9.696999550E0
1.054095063E1,9.682000160E0
1.054588717E1,9.682000160E0
1.055082302E1,9.682000160E0
1.055575932E1,9.682000160E0
1.056069524E1,9.682000160E0
1.056563140E1,9.682000160E0
1.057056672E1,9.715999603E0
1.057550310E1,9.682000160E0
1.058043887E1,9.682000160E0
1.058537434E1,9.715999603E0
1.059031057E1,9.715999603E0
1.059524696E1,9.715999603E0
1.060018249E1,9.715999603E0
1.060511811E1,9.696999550E0
1.061005434E1,9.696999550E0
1.061499066E1,9.682000160E0
1.061992758E1,9.696999550E0
1.062486412E1,9.682000160E0
1.062980035E1,9.715999603E0
1.063473681E1,9.682000160E0
1.063967228E1,9.682000160E0
1.064460743E1,9.715999603E0
1.064954289E1,9.682000160E0
1.065447858E1,9.696999550E0
1.065941328E1,9.696999550E0
1.066434744E1,9.682000160E0
1.066928144E1,9.696999550E0
1.067421607E1,9.696999550E0
1.067915115E1,9.682000160E0
1.068408684E1,9.682000160E0
1.068902241E1,9.715999603E0
1.069395726E1,9.682000160E0
1.069889326E1,9.701999664E0
1.070382950E1,9.715999603E0
1.070876558E1,9.715999603E0
1.071370158E1,9.687000275E0
1.071863818E1,9.715999603E0
1.072357410E1,9.682000160E0
1.072851049E1,9.682000160E0
1.073344696E1,9.682000160E0
1.073838350E1,9.682000160E0
1.074331873E1,9.682000160E0
1.074825448E1,9.682000160E0
1.075319040E1,9.696999550E0
1.075812602E1,9.682000160E0
1.076306123E1,9.682000160E0
1.076799600E1,9.682000160E0
1.077293123E1,9.682000160E0
1.077786629E1,9.696999550E0
1.078280214E1,9.682000160E0
1.078773822E1,9.696999550E0
1.079267390E1,9.696999550E0
1.079760867E1,9.711000443E0
1.080254383E1,9.696999550E0
1.080747928E1,9.682000160E0
1.081241436E1,9.682000160E0
1.081734920E1,9.682000160E0
1.082228382E1,9.715999603E0
1.082721959E1,9.682000160E0
1.083215521E1,9.682000160E0
1.083709056E1,9.715999603E0
1.084202594E1,9.682000160E0
1.084696109E1,9.696999550E0
1.085189609E1,9.682000160E0
1.085683132E1,9.682000160E0
1.086176693E1,9.715999603E0
1.086670298E1,9.715999603E0
1.087163890E1,9.682000160E0
1.087657467E1,9.696999550E0
1.088151068E1,9.682000160E0
1.088644699E1,9.682000160E0
1.089138360E1,9.696999550E0
1.089632090E1,9.696999550E0
1.090125720E1,9.715999603E0
1.090619382E1,9.715999603E0
1.091112951E1,9.696999550E0
1.091606566E1,9.696999550E0
1.092100112E1,9.696999550E0
1.092593682E1,9.682000160E0
1.093087266E1,9.696999550E0
1.093580820E1,9.682000160E0
1.094074372E1,9.696999550E0
1.094567918E1,9.715999603E0
1.095061449E1,9.715999603E0
1.095554952E1,9.682000160E0
1.096048491E1,9.715999603E0
1.096541998E1,9.682000160E0
1.097035504E1,9.696999550E0
1.097528958E1,9.682000160E0
1.098022481E1,9.682000160E0
1.098516083E1,9.715999603E0
1.099009660E1,9.696999550E0
1.099503191E1,9.682000160E0
1.099996752E1,9.696999550E0
1.100490198E1,9.682000160E0
1.100983652E1,9.682000160E0
1.101477028E1,9.682000160E0
1.101970498E1,9.682000160E0
1.102463967E1,9.711000443E0
1.102957513E1,9.682000160E0
1.103451082E1,9.682000160E0
1.103944628E1,9.696999550E0
1.104438151E1,9.682000160E0
1.104931743E1,9.682000160E0
1.105425297E1,9.682000160E0
1.105918757E1,9.715999603E0
1.106412250E1,9.715999603E0
1.106905804E1,9.682000160E0
1.107399386E1,9.696999550E0
1.107893009E1,9.715999603E0
1.108386601E1,9.715999603E0
1.108880169E1,9.701999664E0
1.109373738E1,9.715999603E0
1.109867354E1,9.682000160E0
1.110361021E1,9.682000160E0
1.110854629E1,9.696999550E0
1.111348221E1,9.682000160E0
1.111841836E1,9.715999603E0
1.112335459E1,9.711000443E0
1.112829067E1,9.696999550E0
1.113322674E1,9.696999550E0
1.113816166E1,9.696999550E0
1.114309758E1,9.696999550E0
1.114803400E1,9.715999603E0
1.115297015E1,9.682000160E0
1.115790669E1,9.682000160E0
1.116284230E1,9.682000160E0
1.116777761E1,9.715999603E0
1.117271315E1,9.682000160E0
1.117764854E1,9.682000160E0
1.118258447E1,9.715999603E0
1.118752131E1,9.682000160E0
1.119245754E1,9.701999664E0
1.119739393E1,9.682000160E0
1.120232993E1,9.682000160E0
1.120726609E1,9.715999603E0
1.121220209E1,9.715999603E0
1.121713801E1,9.682000160E0
1.122207337E1,9.701999664E0
1.122700945E1,9.715999603E0
1.123194514E1,9.696999550E0
1.123688085E1,9.715999603E0
1.124181692E1,9.682000160E0
1.124675308E1,9.682000160E0
1.125168902E1,9.682000160E0
1.125662425E1,9.682000160E0
1.126155994E1,9.715999603E0
1.126649525E1,9.682000160E0
1.127143079E1,9.711000443E0
1.127636664E1,9.696999550E0
1.128130194E1,9.696999550E0
1.128623802E1,9.682000160E0
1.129117425E1,9.696999550E0
1.129611049E1,9.696999550E0
1.130104688E1,9.696999550E0
1.130598334E1,9.696999550E0
1.131091911E1,9.696999550E0
1.131585503E1,9.682000160E0
1.132079088E1,9.715999603E0
1.132572667E1,9.682000160E0
1.133066244E1,9.682000160E0
1.133559798E1,9.682000160E0
1.134053311E1,9.715999603E0
1.134546780E1,9.715999603E0
1.135040326E1,9.715999603E0
1.135533816E1,9.715999603E0
1.136027292E1,9.682000160E0
1.136520846E1,9.715999603E0
1.137014447E1,9.682000160E0
1.137508101E1,9.715999603E0
1.138001731E1,9.701999664E0
1.138495324E1,9.682000160E0
1.138988947E1,9.682000160E0
1.139482585E1,9.682000160E0
1.139976141E1,9.682000160E0
1.140469649E1,9.682000160E0
1.140963211E1,9.682000160E0
1.141456801E1,9.682000160E0
1.141950385E1,9.682000160E0
1.142443954E1,9.696999550E0
1.142937574E1,9.682000160E0
1.143431181E1,9.696999550E0
1.143924758E1,9.682000160E0
1.144418389E1,9.682000160E0
1.144912004E1,9.682000160E0
1.145405635E1,9.682000160E0
1.145899175E1,9.682000160E0
1.146392683E1,9.696999550E0
1.146886221E1,9.696999550E0
1.147379796E1,9.682000160E0
1.147873434E1,9.682000160E0
1.148366942E1,9.682000160E0
1.148860418E1,9.682000160E0
1.149354010E1,9.715999603E0
1.149847548E1,9.715999603E0
1.150341104E1,9.682000160E0
1.150834750E1,9.715999603E0
1.151328319E1,9.682000160E0
1.151821852E1,9.682000160E0
1.152315337E1,9.682000160E0
1.152808898E1,9.696999550E0
1.153302483E1,9.715999603E0
1.153796037E1,9.696999550E0
1.154289629E1,9.682000160E0
1.154783083E1,9.696999550E0
1.155276583E1,9.696999550E0
1.155770106E1,9.696999550E0
1.156263687E1,9.696999550E0
1.156757272E1,9.711000443E0
1.157250872E1,9.682000160E0
1.157744472E1,9.682000160E0
1.158238141E1,9.682000160E0
1.158731803E1,9.715999603E0
1.159225467E1,9.682000160E0
1.159719159E1,9.682000160E0
1.160212913E1,9.696999550E0
1.160706551E1,9.696999550E0
1.161200236E1,9.682000160E0
1.161693890E1,9.715999603E0
1.162187590E1,9.715999603E0
1.162681236E1,9.682000160E0
1.163174874E1,9.696999550E0
1.163668497E1,9.715999603E0
1.164162067E1,9.682000160E0
1.164655705E1,9.715999603E0
1.165149256E1,9.682000160E0
1.165642848E1,9.682000160E0
1.166136533E1,9.696999550E0
1.166630187E1,9.715999603E0
1.167123826E1,9.715999603E0
1.167617403E1,9.715999603E0
1.168111086E1,9.682000160E0
1.168604748E1,9.682000160E0
1.169098394E1,9.696999550E0
1.169592058E1,9.696999550E0
1.170085743E1,9.682000160E0
1.170579497E1,9.687000275E0
1.171073208E1,9.682000160E0
1.171566893E1,9.696999550E0
1.172060554E1,9.682000160E0
1.172554223E1,9.682000160E0
1.173047777E1,9.715999603E0
1.173541292E1,9.682000160E0
1.174034813E1,9.715999603E0
1.174528367E1,9.682000160E0
1.175022044E1,9.715999603E0
1.175515611E1,9.682000160E0
1.176009211E1,9.715999603E0
1.176502872E1,9.682000160E0
1.176996588E1,9.696999550E0
1.177490165E1,9.682000160E0
1.177983826E1,9.696999550E0
1.178477449E1,9.682000160E0
1.178971088E1,9.682000160E0
1.179464680E1,9.682000160E0
1.179958331E1,9.696999550E0
1.180451908E1,9.682000160E0
1.180945501E1,9.696999550E0
1.181439102E1,9.696999550E0
1.181932679E1,9.696999550E0
1.182426271E1,9.682000160E0
1.182919885E1,9.715999603E0
1.183413492E1,9.682000160E0
1.183907131E1,9.696999550E0
1.184400732E1,9.715999603E0
1.184894409E1,9.715999603E0
1.185388140E1,9.682000160E0
1.185881761E1,9.682000160E0
1.186375315E1,9.682000160E0
1.186868915E1,9.682000160E0
1.187362528E1,9.715999603E0
1.187856136E1,9.682000160E0
1.188349797E1,9.682000160E0
1.188843402E1,9.682000160E0
1.189336918E1,9.696999550E0
1.189830471E1,9.682000160E0
1.190323952E1,9.682000160E0
1.190817506E1,9.715999603E0
1.191310968E1,9.682000160E0
1.191804492E1,9.682000160E0
1.192298053E1,9.682000160E0
1.192791576E1,9.696999550E0
1.193285120E1,9.682000160E0
1.193778659E1,9.696999550E0
1.194272197E1,9.682000160E0
1.194765711E1,9.682000160E0
1.195259265E1,9.715999603E0
1.195752804E1,9.682000160E0
1.196246312E1,9.696999550E0
1.196739804E1,9.715999603E0
1.197233312E1,9.696999550E0
1.197726927E1,9.682000160E0
1.198220558E1,9.682000160E0
1.198714166E1,9.696999550E0
1.199207752E1,9.682000160E0
1.199701267E1,9.715999603E0
1.200194821E1,9.682000160E0
1.200688420E1,9.682000160E0
1.201182089E1,9.682000160E0
1.201675751E1,9.701999664E0
1.202169337E1,9.682000160E0
1.202662930E1,9.682000160E0
1.203156430E1,9.682000160E0
1.203650049E1,9.682000160E0
1.204143603E1,9.696999550E0
1.204637218E1,9.682000160E0
1.205130842E1,9.682000160E0
1.205624465E1,9.696999550E0
1.206118026E1,9.696999550E0
1.206611534E1,9.696999550E0
1.207104996E1,9.715999603E0
1.207598427E1,9.696999550E0
1.208091933E1,9.696999550E0
1.208585479E1,9.682000160E0
1.209079118E1,9.715999603E0
1.209572693E1,9.682000160E0
1.210066208E1,9.715999603E0
1.210559731E1,9.715999603E0
1.211053246E1,9.715999603E0
1.211546739E1,9.682000160E0
1.212040331E1,9.715999603E0
1.212533823E1,9.701999664E0
1.213027338E1,9.715999603E0
1.213520823E1,9.696999550E0
1.214014438E1,9.701999664E0
1.214508046E1,9.715999603E0
1.215001638E1,9.682000160E0
1.215495185E1,9.696999550E0
1.215988685E1,9.682000160E0
1.216482293E1,9.682000160E0
1.216975898E1,9.715999603E0
1.217469483E1,9.715999603E0
1.217963129E1,9.696999550E0
1.218456860E1,9.711000443E0
1.218950545E1,9.696999550E0
1.219444253E1,9.696999550E0
1.219937863E1,9.696999550E0
1.220431463E1,9.682000160E0
1.220925063E1,9.682000160E0
1.221418764E1,9.682000160E0
1.221912471E1,9.696999550E0
1.222406140E1,9.696999550E0
1.222899764E1,9.696999550E0
1.223393333E1,9.682000160E0
1.223886964E1,9.715999603E0
1.224380503E1,9.682000160E0
1.224874095E1,9.696999550E0
1.225367649E1,9.682000160E0
1.225861247E1,9.682000160E0
1.226354786E1,9.715999603E0
1.226848455E1,9.715999603E0
1.227342133E1,9.682000160E0
1.227835733E1,9.701999664E0
1.228329248E1,9.715999603E0
1.228822831E1,9.682000160E0
1.229316416E1,9.682000160E0
1.229810031E1,9.696999550E0
1.230303649E1,9.711000443E0
1.230797203E1,9.696999550E0
1.231290841E1,9.682000160E0
1.231784504E1,9.682000160E0
1.232278128E1,9.696999550E0
1.232771781E1,9.696999550E0
1.233265490E1,9.696999550E0
1.233759175E1,9.682000160E0
1.234252890E1,9.696999550E0
1.234746563E1,9.682000160E0
1.235240255E1,9.696999550E0
1.235733886E1,9.696999550E0
1.236227497E1,9.682000160E0
1.236721120E1,9.682000160E0
1.237214728E1,9.682000160E0
1.237708349E1,9.696999550E0
1.238201956E1,9.715999603E0
1.238695549E1,9.682000160E0
1.239189209E1,9.696999550E0
1.239682794E1,9.682000160E0
1.240176425E1,9.715999603E0
1.240669994E1,9.715999603E0
1.241163648E1,9.715999603E0
1.241657348E1,9.687000275E0
1.242151057E1,9.715999603E0
1.242644672E1,9.682000160E0
1.243138265E1,9.682000160E0
1.243631870E1,9.682000160E0
1.244125554E1,9.696999550E0
1.244619231E1,9.696999550E0
1.245112946E1,9.682000160E0
1.245606608E1,9.682000160E0
1.246100162E1,9.682000160E0
1.246593685E1,9.682000160E0
1.247087231E1,9.682000160E0
1.247580777E1,9.715999603E0
1.248074368E1,9.682000160E0
1.248567937E1,9.682000160E0
1.249061576E1,9.682000160E0
1.249555060E1,9.682000160E0
1.250048583E1,9.715999603E0
1.250542130E1,9.696999550E0
1.251035607E1,9.682000160E0
1.251529076E1,9.682000160E0
1.252022530E1,9.682000160E0
1.252515945E1,9.682000160E0
1.253009430E1,9.715999603E0
1.253502899E1,9.715999603E0
1.253996427E1,9.682000160E0
1.254489973E1,9.715999603E0
1.254983527E1,9.682000160E0
1.255476988E1,9.715999603E0
1.255970503E1,9.715999603E0
1.256464057E1,9.696999550E0
1.256957581E1,9.682000160E0
1.257451111E1,9.682000160E0
1.257944757E1,9.682000160E0
1.258438355E1,9.682000160E0
1.258931947E1,9.682000160E0
1.259425439E1,9.682000160E0
1.259918878E1,9.682000160E0
1.260412401E1,9.696999550E0
1.260905930E1,9.682000160E0
1.261399438E1,9.682000160E0
1.261893014E1,9.682000160E0
1.262386544E1,9.696999550E0
1.262880060E1,9.715999603E0
1.263373637E1,9.715999603E0
1.263867279E1,9.701999664E0
1.264360879E1,9.715999603E0
1.264854525E1,9.682000160E0
1.265348171E1,9.715999603E0
1.265841794E1,9.682000160E0
1.266335456E1,9.701999664E0
1.266829126E1,9.696999550E0
1.267322787E1,9.715999603E0
1.267816480E1,9.682000160E0
1.268310210E1,9.715999603E0
1.268803864E1,9.701999664E0
1.269297456E1,9.682000160E0
1.269790956E1,9.682000160E0
1.270284426E1,9.696999550E0
1.270777864E1,9.696999550E0
1.271271402E1,9.696999550E0
1.271765048E1,9.682000160E0
1.272258710E1,9.696999550E0
1.272752318E1,9.682000160E0
1.273245887E1,9.696999550E0
1.273739410E1,9.696999550E0
1.274232966E1,9.696999550E0
1.274726519E1,9.696999550E0
1.275220089E1,9.696999550E0
1.275713626E1,9.696999550E0
1.276207195E1,9.715999603E0
1.276700742E1,9.682000160E0
1.277194304E1,9.682000160E0
1.277687912E1,9.682000160E0
1.278181512E1,9.682000160E0
1.278674977E1,9.715999603E0
1.279168562E1,9.682000160E0
1.279662139E1,9.715999603E0
1.280155794E1,9.715999603E0
1.280649464E1,9.682000160E0
1.281143056E1,9.682000160E0
1.281636602E1,9.682000160E0
1.282130209E1,9.682000160E0
1.282623840E1,9.715999603E0
1.283117554E1,9.715999603E0
1.283611224E1,9.715999603E0
1.284104862E1,9.682000160E0
1.284598435E1,9.696999550E0
1.285092051E1,9.696999550E0
1.285585689E1,9.682000160E0
1.286079330E1,9.682000160E0
1.286572999E1,9.696999550E0
1.287066653E1,9.682000160E0
1.287560280E1,9.682000160E0
1.288053857E1,9.682000160E0
1.288547504E1,9.715999603E0
1.289041169E1,9.715999603E0
1.289534777E1,9.696999550E0
1.290028408E1,9.701999664E0
1.290522054E1,9.715999603E0
1.291015715E1,9.687000275E0
1.291509392E1,9.701999664E0
1.292003133E1,9.682000160E0
1.292496856E1,9.715999603E0
1.292990541E1,9.715999603E0
1.293484217E1,9.682000160E0
1.293977902E1,9.682000160E0
1.294471594E1,9.711000443E0
1.294965266E1,9.682000160E0
1.295458912E1,9.701999664E0
1.295952573E1,9.682000160E0
1.296446173E1,9.711000443E0
1.296939781E1,9.696999550E0
1.297433404E1,9.696999550E0
1.297926956E1,9.682000160E0
1.298420556E1,9.715999603E0
1.298914164E1,9.696999550E0
1.299407688E1,9.696999550E0
1.299901173E1,9.696999550E0
1.300394657E1,9.696999550E0
1.300888121E1,9.682000160E0
1.301381575E1,9.682000160E0
1.301875013E1,9.682000160E0
1.302368487E1,9.696999550E0
1.302862095E1,9.682000160E0
1.303355749E1,9.682000160E0
1.303849424E1,9.682000160E0
1.304343070E1,9.715999603E0
1.304836639E1,9.715999603E0
1.305330264E1,9.715999603E0
1.305823795E1,9.715999603E0
1.306317341E1,9.682000160E0
1.306810872E1,9.696999550E0
1.307304480E1,9.696999550E0
1.307798080E1,9.682000160E0
1.308291702E1,9.715999603E0
1.308785340E1,9.682000160E0
1.309278955E1,9.715999603E0
1.309772530E1,9.682000160E0
1.310266145E1,9.682000160E0
1.310759815E1,9.682000160E0
1.311253431E1,9.682000160E0
1.311747077E1,9.696999550E0
1.312240646E1,9.696999550E0
1.312734270E1,9.682000160E0
1.313227854E1,9.682000160E0
1.313721454E1,9.696999550E0
1.314215023E1,9.682000160E0
1.314708531E1,9.696999550E0
1.315202054E1,9.682000160E0
1.315695668E1,9.715999603E0
1.316189329E1,9.715999603E0
1.316683014E1,9.682000160E0
1.317176760E1,9.682000160E0
1.317670445E1,9.696999550E0
1.318164130E1,9.682000160E0
1.318657768E1,9.682000160E0
1.319151345E1,9.682000160E0
1.319644976E1,9.696999550E0
1.320138637E1,9.696999550E0
1.320632345E1,9.682000160E0
1.321126022E1,9.715999603E0
1.321619622E1,9.682000160E0
1.322113199E1,9.715999603E0
1.322606799E1,9.696999550E0
1.323100376E1,9.682000160E0
1.323593992E1,9.696999550E0
1.324087499E1,9.696999550E0
1.324581080E1,9.715999603E0
1.325074619E1,9.682000160E0
1.325568188E1,9.682000160E0
1.326061772E1,9.682000160E0
1.326555380E1,9.682000160E0
1.327048810E1,9.711000443E0
1.327542356E1,9.682000160E0
1.328035925E1,9.696999550E0
1.328529532E1,9.682000160E0
1.329023160E1,9.682000160E0
1.329516721E1,9.696999550E0
1.330010291E1,9.682000160E0
1.330503958E1,9.682000160E0
1.330997520E1,9.696999550E0
1.331491189E1,9.715999603E0
1.331984735E1,9.715999603E0
1.332478296E1,9.682000160E0
1.332971750E1,9.696999550E0
1.333465268E1,9.696999550E0
1.333958790E1,9.715999603E0
1.334452283E1,9.715999603E0
1.334945798E1,9.682000160E0
1.335439359E1,9.696999550E0
1.335932905E1,9.715999603E0
1.336426454E1,9.682000160E0
1.336920031E1,9.682000160E0
1.337413615E1,9.696999550E0
1.337907170E1,9.682000160E0
1.338400755E1,9.696999550E0
1.338894385E1,9.682000160E0
1.339387992E1,9.682000160E0
1.339881561E1,9.696999550E0
1.340375169E1,9.696999550E0
1.340868768E1,9.682000160E0
1.341362322E1,9.696999550E0
1.341855861E1,9.715999603E0
1.342349361E1,9.682000160E0
1.342842876E1,9.715999603E0
1.343336292E1,9.715999603E0
1.343829824E1,9.682000160E0
1.344323255E1,9.682000160E0
1.344816709E1,9.701999664E0
1.345310200E1,9.715999603E0
1.345803708E1,9.682000160E0
1.346297185E1,9.682000160E0
1.346790669E1,9.715999603E0
1.347284107E1,9.682000160E0
1.347777646E1,9.682000160E0
1.348271154E1,9.715999603E0
1.348764593E1,9.682000160E0
1.349257955E1,9.696999550E0
1.349751348E1,9.711000443E0
1.350244771E1,9.682000160E0
1.350738140E1,9.715999603E0
1.351231558E1,9.701999664E0
1.351724966E1,9.696999550E0
1.352218389E1,9.682000160E0
1.352711830E1,9.696999550E0
1.353205400E1,9.682000160E0
1.353699015E1,9.715999603E0
1.354192544E1,9.701999664E0
1.354685998E1,9.682000160E0
1.355179414E1,9.682000160E0
1.355672890E1,9.696999550E0
1.356166243E1,9.696999550E0
1.356659643E1,9.696999550E0
1.357153018E1,9.682000160E0
1.357646441E1,9.696999550E0
1.358139987E1,9.682000160E0
1.358633534E1,9.682000160E0
1.359127042E1,9.682000160E0
1.359620496E1,9.682000160E0
1.360113950E1,9.682000160E0
1.360607442E1,9.682000160E0
1.361100934E1,9.682000160E0
1.361594463E1,9.682000160E0
1.362087963E1,9.682000160E0
1.362581370E1,9.696999550E0
1.363074833E1,9.682000160E0
1.363568310E1,9.682000160E0
1.364061703E1,9.682000160E0
1.364555100E1,9.682000160E0
1.365048492E1,9.696999550E0
1.365541854E1,9.682000160E0
1.366035269E1,9.696999550E0
1.366528746E1,9.715999603E0
1.367022177E1,9.711000443E0
1.367515621E1,9.682000160E0
1.368009029E1,9.682000160E0
1.368502482E1,9.682000160E0
1.368995898E1,9.715999603E0
1.369489321E1,9.682000160E0
1.369982744E1,9.682000160E0
1.370476151E1,9.682000160E0
1.370969635E1,9.682000160E0
1.371463081E1,9.696999550E0
1.371956505E1,9.682000160E0
1.372449943E1,9.682000160E0
1.372943405E1,9.696999550E0
1.373436875E1,9.682000160E0
1.373930391E1,9.682000160E0
1.374423868E1,9.682000160E0
1.374917427E1,9.696999550E0
1.375411019E1,9.696999550E0
1.375904588E1,9.696999550E0
1.376398125E1,9.715999603E0
1.376891625E1,9.701999664E0
1.377385140E1,9.701999664E0
1.377878728E1,9.682000160E0
1.378372312E1,9.682000160E0
1.378865851E1,9.682000160E0
1.379359328E1,9.682000160E0
1.379852781E1,9.715999603E0
1.380346158E1,9.715999603E0
1.380839654E1,9.696999550E0
1.381333046E1,9.715999603E0
1.381826392E1,9.682000160E0
1.382319708E1,9.682000160E0
1.382813170E1,9.682000160E0
1.383306593E1,9.682000160E0
1.383800063E1,9.696999550E0
1.384293571E1,9.678000450E0
1.384787032E1,9.682000160E0
1.385280428E1,9.682000160E0
1.385773751E1,9.682000160E0
1.386267066E1,9.682000160E0
1.386760528E1,9.696999550E0
1.387253951E1,9.682000160E0
1.387747343E1,9.696999550E0
1.388240862E1,9.678000450E0
1.388734400E1,9.696999550E0
1.389227900E1,9.682000160E0
1.389721432E1,9.696999550E0
1.390214963E1,9.682000160E0
1.390708440E1,9.696999550E0
1.391201928E1,9.682000160E0
1.391695344E1,9.682000160E0
1.392188813E1,9.715999603E0
1.392682252E1,9.682000160E0
1.393175621E1,9.682000160E0
1.393669083E1,9.715999603E0
1.394162560E1,9.696999550E0
1.394655929E1,9.711000443E0
1.395149444E1,9.682000160E0
1.395642858E1,9.682000160E0
1.396136358E1,9.682000160E0
1.396629812E1,9.711000443E0
1.397123266E1,9.696999550E0
1.397616696E1,9.696999550E0
1.398110189E1,9.682000160E0
1.398603573E1,9.682000160E0
1.399096966E1,9.696999550E0
1.399590381E1,9.682000160E0
1.400083830E1,9.682000160E0
1.400577353E1,9.682000160E0
1.401070753E1,9.696999550E0
1.401564191E1,9.682000160E0
1.402057661E1,9.696999550E0
1.402551122E1,9.682000160E0
1.403044623E1,9.715999603E0
1.403538069E1,9.715999603E0
1.404031576E1,9.682000160E0
1.404524945E1,9.682000160E0
1.405018345E1,9.682000160E0
1.405511822E1,9.682000160E0
1.406005241E1,9.682000160E0
1.406498649E1,9.715999603E0
1.406992010E1,9.715999603E0
1.407485396E1,9.696999550E0
1.407978873E1,9.682000160E0
1.408472388E1,9.682000160E0
1.408965888E1,9.682000160E0
1.409459365E1,9.715999603E0
1.409952818E1,9.682000160E0
1.410446264E1,9.715999603E0
1.410939810E1,9.682000160E0
1.411433271E1,9.682000160E0
1.411926677E1,9.682000160E0
1.412420131E1,9.696999550E0
1.412913585E1,9.682000160E0
1.413407040E1,9.696999550E0
1.413900486E1,9.678000450E0
1.414393916E1,9.715999603E0
1.414887336E1,9.682000160E0
1.415380744E1,9.696999550E0
1.415874297E1,9.682000160E0
1.416367822E1,9.678000450E0
1.416861291E1,9.682000160E0
1.417354722E1,9.682000160E0
1.417848262E1,9.696999550E0
1.418341754E1,9.682000160E0
1.418835193E1,9.682000160E0
1.419328731E1,9.715999603E0
1.419822162E1,9.682000160E0
1.420315608E1,9.696999550E0
1.420809069E1,9.687000275E0
1.421302539E1,9.701999664E0
1.421796039E1,9.715999603E0
1.422289485E1,9.715999603E0
1.422782954E1,9.701999664E0
1.423276408E1,9.701999664E0
1.423769923E1,9.687000275E0
1.424263369E1,9.701999664E0
1.424756815E1,9.715999603E0
1.425250284E1,9.682000160E0
1.425743738E1,9.715999603E0
1.426237253E1,9.715999603E0
1.426730761E1,9.696999550E0
1.427224269E1,9.696999550E0
1.427717761E1,9.696999550E0
1.428211196E1,9.696999550E0
1.428704566E1,9.696999550E0
1.429197958E1,9.692000389E0
1.429691428E1,9.678000450E0
1.430184905E1,9.711000443E0
1.430678474E1,9.678000450E0
1.431171949E1,9.678000450E0
1.431665503E1,9.711000443E0
1.432158964E1,9.696999550E0
1.432652442E1,9.682000160E0
1.433145988E1,9.678000450E0
1.433639503E1,9.682000160E0
1.434132994E1,9.682000160E0
1.434626502E1,9.715999603E0
1.435120040E1,9.682000160E0
1.435613550E1,9.696999550E0
1.436107065E1,9.715999603E0
1.436600704E1,9.715999603E0
1.437094301E1,9.687000275E0
1.437587893E1,9.715999603E0
1.438081362E1,9.715999603E0
1.438574883E1,9.701999664E0
1.439068352E1,9.682000160E0
1.439561783E1,9.701999664E0
1.440055313E1,9.715999603E0
1.440548790E1,9.701999664E0
1.441042297E1,9.701999664E0
1.441535768E1,9.715999603E0
1.442029253E1,9.682000160E0
1.442522715E1,9.715999603E0
1.443016230E1,9.682000160E0
1.443509668E1,9.715999603E0
1.444003138E1,9.682000160E0
1.444496614E1,9.696999550E0
1.444990107E1,9.682000160E0
1.445483553E1,9.696999550E0
1.445977024E1,9.715999603E0
1.446470540E1,9.696999550E0
1.446964017E1,9.682000160E0
1.447457556E1,9.696999550E0
1.447951048E1,9.682000160E0
1.448444487E1,9.696999550E0
1.448937855E1,9.696999550E0
1.449431393E1,9.696999550E0
1.449924916E1,9.696999550E0
1.450418500E1,9.715999603E0
1.450912077E1,9.682000160E0
1.451405562E1,9.682000160E0
1.451899043E1,9.715999603E0
1.452392435E1,9.696999550E0
1.452885912E1,9.696999550E0
1.453379430E1,9.715999603E0
1.453872915E1,9.696999550E0
1.454366484E1,9.682000160E0
1.454860084E1,9.682000160E0
1.455353646E1,9.715999603E0
1.455847246E1,9.696999550E0
1.456340797E1,9.682000160E0
1.456834328E1,9.682000160E0
1.457327866E1,9.696999550E0
1.457821491E1,9.682000160E0
1.458315160E1,9.696999550E0
1.458808860E1,9.696999550E0
1.459302547E1,9.696999550E0
1.459796262E1,9.696999550E0
1.460289993E1,9.682000160E0
1.460783700E1,9.682000160E0
1.461277385E1,9.696999550E0
1.461771031E1,9.711000443E0
1.462264617E1,9.682000160E0
1.462758294E1,9.696999550E0
1.463251940E1,9.682000160E0
1.463745485E1,9.715999603E0
1.464239100E1,9.682000160E0
1.464732631E1,9.696999550E0
1.465226253E1,9.715999603E0
1.465719822E1,9.701999664E0
1.466213383E1,9.715999603E0
1.466707061E1,9.715999603E0
1.467200715E1,9.682000160E0
1.467694338E1,9.715999603E0
1.468188014E1,9.715999603E0
1.468681637E1,9.687000275E0
1.469175276E1,9.696999550E0
1.469668965E1,9.682000160E0
1.470162688E1,9.715999603E0
1.470656411E1,9.715999603E0
1.471150081E1,9.682000160E0
1.471643742E1,9.696999550E0
1.472137319E1,9.696999550E0
1.472630881E1,9.682000160E0
1.473124420E1,9.682000160E0
1.473617966E1,9.696999550E0
1.474111488E1,9.711000443E0
1.474605042E1,9.696999550E0
1.475098595E1,9.678000450E0
1.475592219E1,9.711000443E0
1.476085927E1,9.711000443E0
1.476579535E1,9.678000450E0
1.477073218E1,9.696999550E0
1.477566787E1,9.711000443E0
1.478060349E1,9.682000160E0
1.478554049E1,9.682000160E0
1.479047726E1,9.682000160E0
1.479541372E1,9.682000160E0
1.480034997E1,9.682000160E0
1.480528628E1,9.715999603E0
1.481022297E1,9.682000160E0
1.481515896E1,9.715999603E0
1.482009427E1,9.715999603E0
1.482503065E1,9.715999603E0
1.482996640E1,9.682000160E0
1.483490179E1,9.696999550E0
1.483983733E1,9.715999603E0
1.484477296E1,9.715999603E0
1.484970850E1,9.715999603E0
1.485464373E1,9.682000160E0
1.485957906E1,9.682000160E0
1.486451452E1,9.715999603E0
1.486945059E1,9.682000160E0
1.487438746E1,9.715999603E0
1.487932407E1,9.682000160E0
1.488426084E1,9.682000160E0
1.488919698E1,9.682000160E0
1.489413229E1,9.682000160E0
1.489906829E1,9.715999603E0
1.490400476E1,9.682000160E0
1.490894061E1,9.715999603E0
1.491387707E1,9.682000160E0
1.491881401E1,9.682000160E0
1.492375047E1,9.715999603E0
1.492868678E1,9.682000160E0
1.493362333E1,9.696999550E0
1.493855956E1,9.711000443E0
1.494349580E1,9.715999603E0
1.494843223E1,9.696999550E0
1.495336792E1,9.682000160E0
1.495830346E1,9.682000160E0
1.496323945E1,9.696999550E0
1.496817560E1,9.682000160E0
1.497311214E1,9.682000160E0
1.497804807E1,9.715999603E0
1.498298338E1,9.682000160E0
1.498791961E1,9.696999550E0
1.499285576E1,9.715999603E0
1.499779099E1,9.715999603E0
1.500272776E1,9.715999603E0
1.500766390E1,9.715999603E0
1.501260097E1,9.682000160E0
1.501753736E1,9.682000160E0
1.502247381E1,9.696999550E0
1.502741058E1,9.682000160E0
1.503234728E1,9.682000160E0
1.503728375E1,9.682000160E0
1.504221952E1,9.715999603E0
1.504715483E1,9.696999550E0
1.505209008E1,9.711000443E0
1.505702601E1,9.682000160E0
1.506196193E1,9.682000160E0
1.506689847E1,9.682000160E0
1.507183416E1,9.682000160E0
1.507677016E1,9.682000160E0
1.508170661E1,9.715999603E0
1.508664230E1,9.715999603E0
1.509157761E1,9.682000160E0
1.509651345E1,9.696999550E0
1.510144968E1,9.715999603E0
1.510638561E1,9.682000160E0
1.511132226E1,9.682000160E0
1.511625911E1,9.682000160E0
1.512119542E1,9.715999603E0
1.512613220E1,9.682000160E0
1.513106989E1,9.682000160E0
1.513600666E1,9.715999603E0
1.514094389E1,9.715999603E0
1.514588043E1,9.701999664E0
1.515081666E1,9.682000160E0
1.515575248E1,9.696999550E0
1.516068810E1,9.682000160E0
1.516562356E1,9.682000160E0
1.517055933E1,9.682000160E0
1.517549517E1,9.682000160E0
1.518043048E1,9.682000160E0
1.518536617E1,9.682000160E0
1.519030178E1,9.711000443E0
1.519523747E1,9.696999550E0
1.520017228E1,9.696999550E0
1.520510813E1,9.696999550E0
1.521004320E1,9.682000160E0
1.521497861E1,9.696999550E0
1.521991430E1,9.715999603E0
1.522485068E1,9.696999550E0
1.522978622E1,9.682000160E0
1.523472168E1,9.682000160E0
1.523965776E1,9.715999603E0
